801

Banda en Bandaneezon, 1, 4, 6, 7, 9, 11, 1723, 2530, 32, 34B8, 40, 4245, 49, 50, 52 60,
6210, 7274, 79, 81, 88, 84, 88, 30, 93, 105  107,112,115,125--129, 1381135, 144, 146, 157
158, 161, 163164, 167, 171 177, 179 181, 183, 185199, 202903, 205-207, 212, 218 -
219, 256258, 274, 217-285, 287288, 290291, 294, 296, 299, 306, 314, 322-327, 330 -333,
337344, 317 353, 361, 367, 371, 385, 398, 405, 118- 420, 429, 438 - 440, 445, 450, 452 453,
457162, 466, 468 -471, 473481, 484485, 492, 507510, 512515, 522, 531533, 536,
538, 5il542, 515546, 551-552, 559, 5GI, 570573, 577, 580, 5S8 589, 593, 601, 608 610,
612 613, G19623, 626, 735636, G4l, G43 647, G50G52, 656 - 661, 661, 668, 675 679,
704, 715, 721, 7377139, 746 -750, 755, 759, 763765, 772, 775 7176.

Bandjermasin, 628, 633,

Banggaai, 484.

Bangka, 88, 252, 606.

Banguala, 610.

Bantam en Bantammers, 4, 8, 9, 11, 1819, 22-24, 29, 3234, 36, 37, 4046, 49-51, 53, 55,
58 GL, 63, 65, 6775, 71,79, 80, 82, 93, 85, 87, 59, 91, 92, 95, 97, 9B, 103 104, 112, L14 116,
118, 122, 124. 127, 130, 138-139, 142, 144, 147 150, 153154, 156157, 160161, 163166,
168169, 172173, 175150, 182, 185, 187188, 193, 201, 209, 213, 215217, 219 220,
223-228, 231, 238, 235, 241-242, 246 - 248, 250-254, 256-258, 260, 265, 267, 269, 271274,
2718, 285, 287-288, 290, 299, 301, 304, 307--311, 319, 321, 323 530, 333336, 338 339, 342,
315852, 851, 857860, 362, 368, 372373, 319384, 386389, 391, 393395, 397, 399,
404105, 407, 410, 415 416, 418, 424, 438439, A41 46, 449453, 455456, 468, 471
472, 430, 457, 489500, 512, 504 505, 511, 416, 531, 534535, 537 538, 549550, 552557,
559, 561562, 564, 566568, 570, 572574, 576, 578, 584, 586 -588, 594597, 599-601, 603,
605 606, 617-620, 626-627, 629634, 636637, 6396L0, 642, 651, G60 664, 667 669,
672, 674, G79 630, 685, 638, 690, 69 1 699, 701T05, 707 109, 711, 714,716,721T22, 738
139, 741 -745, 750752, 755, 158 763, 770772, 771776, 178780, 784.

Bantam (hoek van), 356.

Barbarije, 78.

Baros, 725.

Bataterra, 547.

Batavin, 555.

Batjan, , 25, 136, 184, 463, 465, 520522, 525-531, 588, 542, 559, 571573, 577, 613, 650, 765.

Belgien (fort), 281, 508, 533, 619.

Bengalen, 101, 212, 551-582, G20.

Berhala (Poeloe), 91, 667.

Besi (Poeloo), 557, 595.

Bruma, 45, 64, 92, 201205, 321, 318, 427, 429, 433, 455, 466, 469, 501503, 506, o12, 534, 536,
634, 612, 616, 656, G65.

Rintang, 95, 130, 720, 722, 715.

Boeherones, 398, 405, 439, 467, 185, 642,

Boekit, 65, 357, 784.

Boeroe, 185, 162, 467, 471, 522, Gl 1, GEA, 646.

Boeton, 193, 549, 508, 592, GO1, G51, 783.

Boeton (straat), 592.

Boherne, GOL.

Bordelong, 226, 229, 236, 238, 363, 659, 702, 756, 758.

Borneo, 933, 103, 126, 181, 252, 255, 147, 621-622, 763 765, 775.

Breda, 783.

Briel (den), 273, 783.

Srootehia, 736.

51
