815

Vv.

Valck, 145, 149-151, 155, 157, 159, 164, 166, 170, 177, 216217, 220, 231, 241244, 252, 254,
262, 264, 266--267, 351, 374 378, 397, 399, 440, 450451, 492, 501, 503, 505, 507, 511512.

Veere, 62, 63, 6672, 81, 206, 438.

Vliegende Bode, G18, 652653, 704, 714716, 718, 720, 722, 728, 745.

Plissingen, 3,31, 45, 46, 48, 49, 51, 285, 295, 321, 324, 336, 368 369, 378, 419, 438439, 537, 618,
627, 651.

Vos, 320, 326327, 462, 467, 175, 513, 532, 587, 542, 544, 546, 557, 609, 618, 653, 759.

Vrede, 116717, 728, 713, 746, 748, 776.

W.

Walcheren, 3,37 41, 45, 48, 49, 51, 58, 59, 80, 257, 268, 285, 288, 302, 307, 438, 587, 600, 612, 620,
641, G45, 657, 661, 670, 776-777.

Wapen van Amsterdam, 8, 87, 45, 1851, 58, 59, 145, 149 151, 155-156, 164, 170, 176177,
185, 212, 225, 246 -217, 277, 279, 233, 295, 305, 327, 422, 435, 439, 452, 460, 492, 511512, 588,
GO1, GOS, 612613, 615625, 614, 616, 651, 726, 773 774, 777.

Wapen van Enckhuysen, 776.

Wapen van Haerlem, 452, 197, 535, 542, 547, 556, 556, 605.

Wapen van Zeelandt, 226, 281, 242, 248249, 252254, 264, 266267, 272, 285, 290, 307, 334,
346, 488, 153, 547, 620, 786 737, 769.

Westurieslandt, 176, 208, 217 218, 220, 222-223, 226, 229, 302, 587583, 591, 594, G20, 630,
631, 637638, 657. - Prijs van dit schip: 597, 620.

Witte Beer, 21, 31, 45, 48, 49, 5153, 60, 302, 338, 347, 349, 387, 391-392, 395, 438, 453, 587,
600, G56658, 664, 666, 776.

Z.

Zeelandt, 1,2,4,8, 111, 195, 217.

Zeelandt (Nieuw), 14, 17, 19, 21, 26, 77, 78, 82, 83, 86, 106, 118, 145, 156, 172178, 185, 210, 219,
302, 587, 618, 684, 753, 768.

Zeewolff, 397 39S, 419, 439 140, 149, 451 453, 460, 497, 499, 556, 586, 588, 59G597, 602, 605,
608, 618, 689, 702, 704 - 705, 707, 709, T11713, 721722, 745, 160.

Zierickzee, 315, 8325, 331, 337, B3934I, 343311, 316, 351, 357, 359 360, 365 366, 368, 373,
400, 407, 119, 424, 138 439, 449, 451 153, 460, 716.

Zuyder Wendracht, 179--173. 177, 185, 225, 228, 310, 312, 338, 316, 318, 357, 439, 152, 457458,
462, 165, 467 468, 477, 483, 485, 489, 512, 549, 553, 566, 569, 588, 639640.

