804

H.
Haarlem, 827, 341.

Henricus (fort), 44, 59, 201, 317, 786.

Hitoe, 17, 202, 283, 286, 288, 331, 349, 352, 4G1, 467, 470471, 485, 516, 541-512, 514, 614,
GA6, 652.

Hoetoemoeri, 440, 470 471,

Holland en Hollanders, 9, 19, 201, 214, 250, 253, 257, 271, 363, A11, 599, 680 681, 687, G90, 779.

Hooge Land ('t), zie Terra Alta.

Hoorn, 139, 173, 185, 783.

Hoorn (kamer), 8.

Indi en Indirs, 5, 7, 9, 25, 27, 34, 53, 66, 74, 95, 142, 174, 180, 187, 200, 209, 213214, 223, 234,
300 301, 379, 387, 402, 405, 426, 132, 439, 465, 171, 456, 511, 523, 53S53I, 571, 583,G61, 675,
681, 689, 693, 730, 758.

Indi (kust van, kust van Malabar), 83.

Indragiri, 91, 94, 120, 143, 152, 222, 224, 244, 249, 251, 264, 266, 308, 390, 395, 402, 406 410,
415, 425, 457, 488, 490, 512, 544, 558, 597, GO2, 605-606, 631, 665, 669 671, 695696, 706,
721, 741742, 744, 754156, 781.

Indrapoera, 215, 259.

Itali, 78, 404.

J.

Jacatra, 9, 11, 13, 15-17, 29, 32, 3340, 47, 4953, 58, 59, 61, GG, 71, 72,8791, 95, 97, 100,
104, 117 119, 121122, 125, 127, 181187, 140 141, 144, 147, 150, 163 164, 168169, 172,
176, 178, 152, 184, 186, 188, 191 193, 195199, 202203, 205-206, 208, 210, 214, 220, 222
226, 230231, 2386237, 241, 2id245, 247, 252, 257258, 260262, 265, 26726H, 271,
273-276, 280282, 256, 290291, 299, 300, 802 306, 311, 315, 318, 320, 326, 330, 332 Bid,
838 346, 349, 352853, 355, 358-359, 365366, 368, 313, 316879, 851, 383, 885, 301 BI,
395403, 408, 411412, 415, 417418, 420, 422427, 43435, 137, 441441, 149, 455
456, 460-464, 468, 471, 473, 477, 419 480, 482, 487, 489490, 492500, 502, 504 505, 509
512, 516, 520, 533538, 541, 544516, 548564, 566567, 569580, 558589, 59159,
596603, 605607, 612614, 616626, 629633, 638, 640, 642, 645, 953, 655, G5B, 661G61i5,
667 674, 679 683, G85--687, 691 694, 696, 699706, 708718, 715717, 122130, 785
137, 140 742, 744 717, 749 7156, 759 161, 763775, 1717 7179, THL 786.

Jambi, 18, 15, 16, 18, 21, 27, 38, 41, 62, 78,81, 86,902, 949B, 100, 108, 110, 118121, 126, 130
181, 141 143, 146, 149151, 1538 157, 160, 164166, 170, 179, 199, 216217, 219-221,221,
297, 229, 231, 21-244, 248, 251, 253256, 25H, 262, 264267, 269, 271, 274, 255, 295, 29,
300, 305309, 311, 813, 316, 329, 381, 333 8835, 857, 359, 367, 36U, 378 379, BSI, BE5 NI,
391, 393, 403406, 408409, 411, 415, 417 419, 424426, 440, 443 44D, 154, 457, 465, A71,

487-490, 493, 502, 511512, 544, 556, 559, 562--563, 569, 571573, 51557G, 5784B0, 552,
588, 594-598, 602 606, 628633, 641, 665, 6G67GT1, 6946H5, 705 706, 708, 711714,
120-122, 738, 741-744, 748749, 754 756, 761, 710 772, 119180, 782, 784 155.

Japan en Japanners, ook in den Ma). Archiipel, 1, 411, 27,83, 37, 52, 78, 52, 86,88, 59, 95, 98
118, 122, 128129, 155, 160, 166, 170, 176, 190, 221, 228-299, 232-236, 235-241, 322, 321,
840, 346, 861, 863364, 367, 368872, 418, 460, 4GP465, 475, 478, 492498, 512, 515, 522,
534, 436, 538-540, 544, 516, 558, 557 558, 560, 562, 5695711, 573, 577578, 5R8 58, 595,
598, 602, 608-609, G12, GIL, GIB, G43, 645, 650, G51655, 663, 689, 691 6H2, 707, 718720,
128-124, 126, 129, 752, 185, 745746, 749 750, 164, 715 776.

