REGISTER DER PLAATS- EN VOLKSNAMEN.

Acapulco, 643, 655, 726.

Agra, 738.

Ai (Poeloe), 18, 20, 22, 47, 56, 58, GG, G3, G9, 71, 74, 112, 126, 128, 181133, 144, 163, 180181,
193 194, 196-197, 205206, 279, 282, 328, 460, 474, 179180, 484, 507, 532534, G10, G19,
621, 623 624, 647, 651, 660.

Alfoeren, 472.

Amanabon, 204, 317.

Amblau, 522, 611, 614, 646.

Amboina en Amboineezen, 1, 4, 6, 7, 11, 12, 1719, 21, 22, 24, 27, 28, 30, 3240, 4246, 49,
50, 52-S4, 88, 90, 93, 101, 103, 105, 107, 109, 115, 125-129, 131, 133134, 136, 146,157- 153,
161, 163--164, 167, 169, 171 177, 179 181, 183, 185 192, 167, 199, 202--205, 207, 212, 215,
221, 256-258, 274, 277-279, 252-258, 290, 294, 296, 306, 314, 320, 322-326, 330 332, 337
848,847 353, 361, 367, 385, 398, 418-420, 429, 488, 440, 445, 150451, 458, 451, AG2, 166
468, 470471, 473, 476, 478, 481, 484-485, 190, 192, 495, 497, 499506, 509, 513516, 518
521, 523 529, 533-535, 538540, 542544, 546545, 551552, 556557, HI35GH, 565,
570573, 577, 550, 582, 556, 5SB591, 593, 600601, 6G08G09, GL 1618, 620624, 635, 637,
611-647, 649 652, 656665, G68, 675 678, 701, 703, 712, 715,721,726, 732, 737 7139, 746 -
150, 755, 758, 763 765, 772, 715 717, 183.

Amsterdam, 61, 372, 741, 767, 771.

Amsterdam (classis), 135.

Amsterdam (kamer), 3.

Angola, 142, 164.

Anjer, 497.

Annabon, 171.

Antwerpen, 674.

Arabi, 3, 21, 27, 122, 125, 144, 180, 211, 215, 218219, 348, 352, BoA, 371, 393, A1D, 446, 451,
463, 740.

Arakan, 101, 212, 296.

Arisbaja, 550.

Atjeh en Atjehers, 9, 14, 17, 28, 35, 4548, 51, 53, 70, 94, 128 124, 180, LAA, 151, 157-160, 170,
209, 215217, 226, 231, 254 -255, 259261, 266-263, 273, 255, 285, 292, SIU, SLI, 351, 353,
874 378, 380, 394, 397 899, 449 -453, 497, 5LO, 552, GOO, GLG, GL5GLI, GR26K6,607 695,

710, 738 739, 750751, 753 754, 775 179.

B.

Babi (Poeloe), 391.
Bali, 17, 185, 137, 205, 208, 268, 820321, 502, 610, 634, 637, 642, 614, 655, 665, 716, 753.
Bali (straat), 500, 512.
