803

Dieppe, 269, 298, 302, 443.
Drie Broeders (de), 470.
Duitsen ( Hollanders), 193, 302, 652, G79, 681.

2,

Engano, 181-182, 191, 208, 210, 221, 193,

Engeland en Engelschen, 3, 4, 810, 12, 1722, 2530, 3339, 41, 45, 53, 54, 56, 58, 59, 65
69, 7175, SO, 81, 56, 88, 93, 91, 98, 100101, 109, 112, 121-122, 124, 128130, 132135,
142, 144146, 148, 152-155, 157160, 163, 167168, 170-175, 177180, 183189, 191,
193191, 198, 202, 201, 208211, 213, 227, 235, 244, 246, 219, 253, 257, L60263, 267, 270
276, 278280, 252-287, 295, 298, 301, 305, 308309, 314, 322323, 325, 332, 335 336, 340,
812, 341, 316, 318, 350353, 365, 374, 3768377, 381, 383351, 389-390, 392 393, 397399,
401 405, 416-417, 419, 432, 137, 139 -442, LAA, 450, 452453, 455169, 471,475 471, 480,
455 486, 490 - 502, 504506, 508- 509, 511513, 515 -517, 519520, 522 523, 528, 531
532, 531537, 542-548, 546, 5AS, 551, 558, 555559, 561566, 568 569, 571573, 575
578, 580, 583, 536 557,591592, 594 604, 606607, 612,614,617 622, 625 628, 630 651,
638631, 638, 641, G43, 647, 654, 656661, 661, 6G6, 663, 675G79, 681 686, GE8 EIB, 700
707,709710,712,714,71672S, 781, 784, 736 787, 189, 742743, 718, 1750 7152, 755, 757
758, 763, 772, 175, 767 782.

Enkhuizen (kamer), 366.

Erang. 161, 517, 646.

Europa, 9, 27, 184, 218, 260261, 263, 332, 3768377, 432, 441, 455, 485, 612, 617.

F.

Firando, 4, 7, 12, 99, 101, 118114, 232, 235, 239, 321, 336, 363, 369, 373, 438, 192493, 544,
536, 539, 542, 557558, 560, 570, 575, 5177578, 613, G52655, 663, 702704, 711712, 714,
717720, 725-726, 128732, 185 136, 747140.

Fortmmosa, (02, 113, 717718, 720.

Frankrijk en Franschen, 9, 27, S1, 11, 174, 185, 193, 198, 223, 227, 249250, 253, 267, 270
274, 278, 250, 252, 287, 301 302, 305, 522, 335, 350351, 374, 376377, 384, 836, 390, 3U2,
399, 100, 119, 132, 113 - A44, 157, 160, 185, 592, GO06OL, 612, 625, 628, G38, 647.

G.

Gurnoekanora, 25.

Geldria (fort), 16, 298, 301.

Gilolo, 136.

Goede Hoop (Kaap de), 27, 142, 271, 453, AUS, 476, 776.

Goa, 28, 46, 5t, 130, 149, 170, 254, 265, 336.

Goenong, zie: Boekit.

Goeseratte, 77, 125, 141, 160, 211, 218, 259, 264, 271, 310, 353, 378, 393, 399, AOS, 428, 444, 451,
550, 682653, 697, 787 738, 752.

Golconda, 55, 581.

Gotteren, 7166 767,

Gottho, 13, 714, 718.

Guofukiaha, 523, 526.

Grissce, U, 12, 22, 23, 8235, 57, 6166, 79 -81, 59, 90, 177, 811, 330, 347, 256B357, 360, 501
506, 542, 510 550, 572573, 579, 590, 592593, GOS, G13, GIG, 625, 633, 637, 641642, GAL
616, 665 666, 672673, 700, 723, 741, 759, 777, 788.

Groot-Brittunje, 651.

Guinea en Guineesch, 211, 292, 2907, 303, 338, 444, 147 448, 58E 5S2, GEL.
