806

Lontor, 193, 257, 279 280, 295, 119, 440, 452, 474, 478, 180, 508, 621, 647, 676677.
Luchuy, 279.

Lucipara, 252, 256, 311, 836, 386, 389, 579550, 598.

Lucipara (engte van), 519 580.

M.

Macao, 1, 7, 12, 14, 17, 19, 24, 26, 63, 6G68, 70, 71, 82, 83, 94, 102, 107,110,113 114, 122, 128
129, 138, 144, 146, 149 153, 155157, 161, 163, 170-171, 229, 236, 238-210, 321, 364, 534,
T14, 716718, 7126, 782133, 181 782.

Madagascar, 186, 353, 471, 479, 6358.

Madoera, 64, 355, 357, 401-402, 501503, 515, 519, 521, 524, 542, 517548, 550, 556, 986, 620.

Magelhaens (straat van), 37, 133.

Magellaansche Compagnie, 298, 341, 343.

Makasser en Makassaren, 5, 10, 12, 28, 29, 32-36, 40, 45, 57, 72, 73, 79, 135, 177, 193, 218, 266,
285, 288, 295, 308, 831, BIO, 312, 31A, 318, 857, 396, 402, 409 4 10, 116, 418, 127, 433 - A31, 113,
450, 455, 458, AGI, 481155, S9, 501, 503-501, 522, 536, 551, 558, 572, 570 580, 502, 599,
606, 628, 631, 633, G45 646, 665, 672, 707, 711, 713, 720, 722, TA1, 761, 770, 774, 782, 781.

Makjan, 26, 175, 183154, 284, 296, 314, 468 464, 526, 528529, 542, 541, 546, 585, 592, 609,
648, 765.

Malabar (kust van), 83, 218.

Malajoc, 26, 31, 109, 136, 1857, 419, 440, 450, 457, 459, 461, 166, 170, 525526, 542, 51L517,558,
590, 623, G48, 651, 656.

Malaka, 1, 12, 15, 17, 19, 22, 26, 25, 3288, 41, 45, 52,56, 62, 63, 66 -68, 70, 71,83, 81, 93, 06,
103, 110, 112, 114, 118, 120, 122128, 130, 138, 141, 146, 119158, 155157, 161, 161156,
162170, 176, 178, 180, 183, 186, 191, 212-213, 223, LA 245, 248, 254-255, 263, 265, 268,
270, 293, 295, 304, 306308, 311, 362, 389, 393, 395, 108, 444, ABL, 573, 579, 509, GOF, GOG, 627,
632, 646, 710, 774 715, 780-782, 781.

Malaka (straat), 46, 53, 71, 83, 128, 178, 216-217, 461, 595, 5997, 621, GET, G82, 778.

Matreiers, 37, 55, 92, 98, 117 - 118, 162, 174175, 179, 193, 214, 244, 219, 260, BOS, BIO, 102, 112,
580, 652, 693.

Mallemans-eiland, 515, 519, 521, 524, 542, 547548.

Maloea, 318.

Mangelagi, 186.

Manila, 4, 9, 24, 28, 46, 52, 54, 56, 70, 83,87, 92, 93, 9G, 102 103, 107, 110, 126 127, 131, 1AL,
143, 146, 164, 169, 177, 179 180, 228, 231, 240-211, 215, 257, 273, 255, WS, 297, 300-301,
308, 310, 313 314, 321-324, 336, 371, 407 -408, 119, 435-439, 450, 453, 460, 466, 465, 4175,
493, 513, 522, 526, 534, 536538, 546, 549, 558, 578, 591, G18, G13- 614, 653, 655, TOA, 714,71,
719 720, 723 726, 781, 733-135, 749.

Manipa, 185, 189, 288, G11, G46.

Marico, 589, 591, 618.

Masoelipatnam, 46, 216, 291, 294, 303, 446 -447, 451, 471, 619, 758.

Mataram, 18, 76, 77, 86, 98, 130, 137. 140, 146, 177, 198 200, 203, 206 2083, 214, 26B, 309, 353
385, 411, 413 -414, 416, 421422, 24, 428, 136, 441, 448, 419, A54, 460, 481 483, AKG, 189,
501, 503504, 536, 551, 574, 576, 579580, 592, 599, 603, 605607, 612, 617, 620, 528, GH,

633, 641, 651, 665, 672673, 657, 699 701, 707, T11, 714, 716, 720, 722, TAL, TAA 745, TU,
159 763, 765, 7170, 772, 774, 776, 784.

Matheney, 635.

Mauritius, 39, 4547, 51, 53, 60, 61, 67, 89, 95, 110, 112, 119, 638, 737.

Meaxuma, 113, 714, 716.

Meliapoer, 448.

nnn  ND
