Defens (Engelsch), 295.

Delft, 4, 46, 48, 51, 110, 141, 144, 162, 439, 452 453, 468, 476, 487, 190, 499 502, 511--512, 538,
556, 562, 716.

Diamant (Engelsch), 779, 781782.

Dolphin, 82, 85, 302, 438, 447, 452, 497, 588, 593, 617, 629, 631-632, 667 669, 671672, 684,
695, 705, 721, 743, 749, 7711, 179 782.

Dordrecht, 587588, 620, 626 -627, 629-634, 6G3G638, 657.

Dragon Engelsch), 618, 620, 631, 690, 692.

Duyve, 259, 264, 285, 293, 298, 300, 3038 304, 310, 324, 445, 447.

E.

Eendracht, 171, 217, 221, 228, 231, 234, 266, 274, 283256, 288, 302, 306308, 331, 410, 427, 433,
4388, 484, 587, GOO, 661, 679, 7146 749.

Eenhoorn, 346, 488, 453, 587, 620, 634.

Elisabeth (Engelsch), 714, 716720, 724, 731-732.

Enekhuysen, 3, 5, 7.8, 1013, 19, 27, 28, 33, 58, 73, 798, 95, 100, 104 107, 118, 129, 141, 141, 157,
159160, 173, 185, 215, 218, 234235, 257 259, 274, 219, 255, 302, 307, 327 328, 366, 438,
583, 587, 619620, 685, 779.

Engel, 3, 37, 4246, 48, 49, 51, 52, 59, 61, 63, G5,511,315316, 323, 368, 138 439, 152,4634614,
467, 492, 507 509, 511-514, 531588, 542, 569 571, 573, 575578, 556, 588, 594, GOO, 608,
618, 620, 653655, G83, 707, 711, 717, 726.

Ezpeditie (Engelsch), 618, 620, 631, 641, 644, 649, 651, 690, 692, 726.

F.

Firando, 715.

Fortuyne (jonk), 103, 105, 111, 117, 129, 136, 167, 172, 185, 194, 205207, 234.
G.

Galiasse, 98, 100, 118120, 122, 125126, 129 130, 170171, 226227, 230-231, 234, 236
238, 259, 321, 363364, 369370, 372, 438, 193, 534, 537, 618, 652, 745, 754 756, 159 761.

Gelderlandt, 4, 4648, 51, 53, 60, 110.

Geunieerde Provincin, 4, 46, 48, 51, 60, 61, 110.

Goede Fortuyne, 315, 325, 331, 333, 337, 339311, 318314, 346, 350, 380, 387, 138, 453, 487, 600,
664, 679.

Goede Hoop, zie: Hoop.

Goes, 34, 37, 45, 47, 48, 51, 52, 91, 210, 228, 294.

Gouden Leeuw, 171, 208209, 215-218, 220, 243, 255, 291293, 295, 299304, 307311, 331,
334335, 337-338, 409, 425, 437, 444, 454, 465, 469, 475, 488, 492, 496, 511512, 587, G13,
620, 634.

Groene Leeuw, 21, 27, 302, 820, 326327, 429, 485, 452, 451455, 160, 500, 506, 586, 588, 603,
633637, 761-766, 777, 785 7186.

Groningen, 185.

H.

Haerlem, 114, 716720, 723 724, 131782, 735.
Halve Maen, 16, 18, 21, 27, 42, B7, 88, 92, 95, 119121, 125, 142 143, 146, 220, 242, 248, 25
254, 256, 830, 334, 355, 358, 378379.
