805

Japara, 1, 1618, 22-24, 30,31, 35-40, 45, 47, 53, 57, 6163, 66, 72, 7588, 86, 95, 116117,
136, 189 141, 145150, 152, 155, 167, 176 177, 180, 183, 189, 191, 193, 198 199, 202208,
218, 222, 225, 242247, 255, 265266, 268, 277, 279, 290, 295, 298, 305, 810311, 316, 320,
329330, 335836, 345, 317--B49, 352353, 355, 357-360, 379, 382, 384386, 389, 401,
ALLA14, 416, 418, 420-422, 424, 427428, 435, 440, 444, 149--450, 152, 454 455, 458461,
464, 466, 469, 571, 476, 479 183, 486490, 500506, 536, 551554, 556, 558, 561, 563, 568,
572, 579 580, 596, 603, 605, GO7, 633, GAL, 651, 666667, 699, 701, 774775, 780.

Java eu Javanen, 9, 26, 35, 36, 40, 45, 55, 07, 64, 72, 78, 75, 50, 90, 98, 127, 1385137, 140, 144,
153-154, 168, 170, 178--175, 179, 193, 200, 203, 205, 228, 251, 265, 267, 274, 281, 293 29A,
319 320, 830, 333, 357, 547348, 356357, BG, 367, 384, 390, 396, 402, 440, 442, 445, 453,
455, 461, 468, A84, 491-A92, 494, 496 197, 199, 500, 502, 506, 511512, 515-516, 518, 520
523, 526, 534535, 538, 542, 551, 556, 559, 561562, 565, 570, 580, 583, 599,611, 621623, 643,
616, 656657, 659, 661, 678, 701, 708, 733, 779.

Java Mayor, 136, 501.

Jemen, 737.

Johor, 1417, 21, 35, 70, 87, 9297, 101102, 118, 126, 130131, 152, 155, 160, 231, 255, 391,
391, 396, 402, 406110, 457, 484, 188, 579, 597, 741, 784.

Jortan, 35, 57, 64, 65, 79, 81, 90, 311, 329, 335, 549, 355360, 379, 384, 388, 402, 408, 467, 500
501, 503506, 572, 547 -550, 579, 593, 603, 634, 611--GA2, 666, 695, 708, 712, 750.

K.

Kaliamata, 545, 547, 589, 518.

Kaubelo, 20, 56, 69, 74, 112, 129, 133, 189, 253, 286, 288, 331, 110, 4GH, 467, 479, 516517, 022
523, GLA, 646, 648, 652.

Kam par, 300, 395, 402, 406 -110, 415, 425, 457, 488, 190, 597.

Kedah, 101, 254, 560.

Kolang, 472, 616.

Kendal, 140, 401, 774.

Klingen, 174175, 179, 198, 301305.

Koempih (Moearu), 188, 595.

Korea, 108.

Krakatau, 496.

Laamenjuta, 215,

Laampongs (de), 617 -618,

Liandak, 139, 319, 380.

Larantoeka, 635.

Tuariko, GL1.

luaskars, 739.

Lasser, 206 -207.

Jantogoly, 611.

lieygueco Peyueno, 102, 113, 238, 717718, 720, 732,

Lesidi, 440, 461, 517, 616.

Ligor, 226, 229, 236, 238, 362 36J, 689, 702, 708, 711, 756, 758.

Lingga, 121.

Isisabata, 608.                                                                                                 -

Loehoo, 20, 56, 69, 74, 129, 133, 283, 286, 288, 831, 440, 459, 461, 467, 469171, 485, 516517,
22-523, ol L512, BLA, 614, 646, 645, 652.

Londen, 679, 6GS51682, 654, 689 -690, 694, 712,
