807

Melinde, 8351.

Miau, 643.

Middelburg, 347.

Minangkabauers, 87, 119, 143, 152, 222, 250, 309, 407, 409, 604.

Mindanao, 539.

Mocha, 181, 211, 218, 285, 295, 324, 337, 625, 643, 615, 654, 657, 659, 661, 673, 689, 692, 701,
136738, 769.

Molukken, 1, 4-11, IA, 18, 19, 23--26,;28--32, 31-88, 42, 46,49, 51, 53, 55, 5860, 6174, 78,
79, 81-85, 83, 90, 93, 100, 105, 112, 115, 118122, 121-128, 131 136, 138, 143146, 150.
153, 157158, 161 164f, 167169, 171 176, 179 192, 197 199, 207, 210-214, 217218,
221, 998-999, 257, 265, 277-278, 282-286, 290, 294 296, 299, 301, 304, 306,311316, 321
326, 330-333, 336343, 347 34S, 350353, 361, 364, 367 369, 335, 39S, 404, 407, 418420,
429, 135440, 145, 450, 152-453, 457 458, 160162, 465, 167 468, 175476, 178,-181,481,
192, 198, 508, 511-515, 518-531, 533, 636588, 5105A1, 514 -516,551,553,558, 561, 570
572, 517, 580, 586, 588-593, 608, 611, 618, 620 622, 611, G13-G650, 652 653, 656 657, 659,
661, 664, 668, 575 -678, 704, 715, T21, 725727, 185, 7388 739, 716750, 772, 715 771, 783.

Manopye, 595, 598.

Mooren, 46, 80, 134, 215, 250, 263, 271, 257, 351, 353, 375, 393, 405, 408, 417, 427, 430, 432, 437,
413, AS 449, 454, 170, 479, 483, 488, 190, 540, 569, 586, 604, 608610, 614.

Mozambique, 353.

N.

Nagasaki, 1,7, 12, 102, 111, 113, 171, 233, 321, 364, 714, 716718, 726, 733.

Nassau (fort), 50, 51, 198, 196, 198, 205, 257, 278, 281, 440, 478, 507508, 514, 53353-4,619, 647.

Nederland en Nederlanders, 8,9, 23,74, 85, 151, 164, 185, 213, 221, 234, 243, 270,278, 2898 - 269,
207-298, 302303, 517, 325, 316317, 370, 373, 376, 379, 387, 393, 411,426, 434, 451, 460,
472, 486, 518, 523, 532, 540, 5-125A8, DIS, 550, 578, 580, 583, 587, 607, 611, G13, GL5, 618, 620,
621, 638639, 647, 66L, GTL -675, 619652, GEL, 685-690, GOA, 714, 716720, 723 725,
130 132, 181, 740, 766, 771, 7719, 752183.

Negapntnam, 448.

Neira (Banda), 479, 621, 647, 651.

Noesaloet, GOS.

Noesgatella, 611.

Noorwegen, 719,

Nova Guinea, 177.

Nova Spangia, 70, 107, 128, 644.

Obi, 519520, 523.
Oeliasers (de), 609.

Oma, 471.

Onrust, 156, 567.

Ontong Java, 178, 155 - 456.
Oostende (baai van), 169.
Oostende (pas var), 85.
Orienten, 119, 138,

Ormus, 130.

Ortattan, 194, 278-281, 332, 175, 480.
Ottong, 4, 9, 24, 107,
Ouwendender, 646.

Ouwer (Poeloe), 689.
