808

P.

Puhang, 336, 394.

Palembang, 16, 120, 143, 152, 179, 220221, 231, 244245, 219, 255, 261, 266,268, 309,321, 348,
890, 407, 534, 574, 576, 579, 5985I99, 606, 628631, 633, 669, 671, 722, 741, 743, 769 774,
184785.

Palembang (rivier van), 395, 629.

Palembang (straat), 252, 883384, 588, 595, 598, 602, 627, 630632, 635, 716, 720, 722, 740

141, 745, 770.

Paliakato, 46, 163, 211, 294, 296, 299, 301, 304 305, 448, 151, 553, 767.

Pandjang (Pooloe), 173, 260, 491, 640641, 652, 655 663.

Parijs, 419.

Pasoerocan, 65, 77.

Patani, 1, 4, 5, 8, 10, 11, 13,52, 18, 88, 98-103, 105, 110116, 120, 122, 129, 162, 226 - 238, 2A0
241, 265, 285, 310, 322, 335-336, 360, 362-364, 367, 371374, 357, 11618, 423, 425 A25,
440, 447, 455, 466, 469, 478, 491492, 499, 502, 505, 512, 522, 534, 5I6537, 552553, 555,
557 558, 560563, 569, 571580, 588, 591 596, 598, 600, GO, 614, 616, 618, 620, 623, 650,
633, G45, 653655, 655, 688 689, 691693, 702-708, 705 714, 716717, 720, 722,729,733,
A1, 743, 745, T54T59, 761, 776, 780, 784.

Paternosters-eilanden, 547, 642, 665,

Pedir, 627628.

Pedro Blanco, 781782, 181 785.

Pegu, 620.

Perzi, 130.

Petapoeli. 46, 54, 211.

Philipijnen (de), 643.

Piymouth, lt.

Pocloceri, 298, 303.

Pommeren, 783.

Pontang (hoek van), 594.

Portugal en Portugeezen, 2, 5, 9, 12, 15,28, 40, 45,57, 61, 61,73, B8, 89, O1, 96, 101, 105, 110-
114, 118, 125, 130, 138, 142 144, 152, 154, 158, 160, 163, 165, 203-205, 217218, 240, 243
244, 250 251, 254255, 261265, 269270, 299, 304, 806, 303, 310, 318, 336, 356, 363 361,
375, 389, 394395, 402, 404405, 407 408, 410, 426, 433, 437, 418, 452, 462, 485, ABB, HOI,
503504, 514, 532, 535, 541, 560, 563, 576, 580, 592, 599, 602, GOG, 625, 631, 635 -635,665,G72,
710, 718714, 717719, 122723, 726, 739, 741, 761, 770, 774, 17817B82, 184.

Priaman, 35, 47, 53, 122125, 132, 158160, 170, 210, 215, 231, 259-261, 268, 473, 331, 351,
359 360, 374-378, 397, 399, 449451, 512, 595, GOO, 616, 625-626, G28 630, 651G5G,
696698, 723, 738 7139, 150 753, 778.

Qualanior, 121,                                 Q.
Qualatring, 121.
Quamers, 87, 222, 250.
Queda, zie Kedah.
Quinam, 241, 363 361, 367, 370372.
R.

Rammekens, 273.
Rerengie (fort), 282, 508, 533, 619, 647,
Riouw, 624.
