809

Roosn, 589.

Rotterdam (kamer), 255.

Run (Poeloo), 66, 68, 193, 196, 257, 279, 295, 295, 325, 312, 344, 398, 419, 139 - 440, 462, 167, 480,
646, 651, 777.

Rijsel, 783.

S.

Saboegoe, 25, 136, 465, 650, 765.

Sabon (straat), 254, 627, 781, 784 785.

Sada, 186.

Bammer, 6416.

Sanbor (kaap), 118.

Sangorn, 4, 5, 99, 110, 113, 230, 240, 361, 363 361, 367, 373, 557, 561, 577, 689, 702, 708, 710,
7112713, 756, 758.

Satsuma (kust van), 718.

Selaimma, 193, 119, 174, 532, 621622, 647.

Semarang, d11412, 416.

Siam, 1 6, 10, 11, 13, S6, 88, 98-102, 101, 110, 162, 214, 223, 2238 230, 233, 41, 248, 335-336,
360367, 371372, 387, 394, 447, 561562, 571, 573, 577, 579550, 582, 628, 633, 651, 653
655, 685, 689, 691G93, 702 -703, 705, 710713, 720, 722, 741, 745, 750, 7547161, 784.

Siau, 24, 196.

Sicili, 419.

Silebar, 122, 215218, 258259, 263, 150-451.

Singapoera, 1831, 134, 149, 163, 169170, 781782.

Singapoeru (straat), 781, 784785.

St. Helena, 271.

St. Malo, 208, 303, 338, 346, 353, 386, 393, 399, 41, 143.

St. Tome, 291, 301, 336.

Soekadana, 55, 1388140, 145, 148, 264, 215 -276, 818319, 350381, 11, 444, 489, 551 552,
563, 519, 588, 628, 633, 672 673, 7-41, 759, 761, 764766, 775, 784.

Soenda (straat), 251, 2ON, 491, 496198, 535, 559, 561, 571, 573, 596587, 595, 614, 620, 630,
6355, 663, 689 6590, 694, G9G6D7, 716, 779

Soerabaja, 35, 57, G4, 80, 177, 207, 356-357, 182, 503 -505, 548550, 579, 593, 617, 628, 633,
611, 700, 741, 776, 784.

Solok, 523, 542, 544, 516, 619.

Solor, 2, 79, 26, 42, 44, 50, 52, 59-63, 66, 172, 176, 201205, 317 -318, 326, 401 402, 427,
130 -434, 410, 451, 460, 473, 109, 501, 506, 512, 534, 536, 545, 550, 562, 603, 633 637, 645,
665, 785786.

Soja, 472.

Spanje en Spanjaardon, S10, 15, 27, 40, 45, 57, 61, G4, 73, 87, 96, 105, 112, 114, 124-127, 132,
Ll, 154, 158, 160, 163165, 1569 170, 1738174, 183, 187, 2038-205, 217, 240, 244, 254, 265,
270, 288, 301, 310, 312, 318, 336, 356, 375, 402, 410, 126, 138, 489, 452, 462, 479, 485, 501, 503
504, 532, 563, 580, 502, 599, 601, 606, 628, 631, 633, 611, 655, 665, G72, 713, 718, 722123, 726,
739, 741, 761, 770, 774, 780, 782, 784.

Spiritu Santo (kaap), G438614, 652, 655, 676, 704, 715, 732.

Sumatra, 16, 51, 122, 124, 129, 144, 151, 159, 170, 178, 258259, 285, 450, 496, 597, 679, 6S1
G82, 681 685, 690, 778 779.

Surnte, B, 9, 21,27, 125, 129 -130, 141, 153, 171, 211, 218219, 264, 267, 273, 285, 295, 208, 310,
321, 337, 3418, 352, 371, 374, 350, 419, 425, 4d5d47, 45354, 463, 493, 540, 595, 620, 625, 643,
615, G5A, 657, 659, 661, 653, 689, 692, 701, 736 738, 169, 176.

Swiarten, 580, 613, 628.

