REGISTER DER SCHEPEN.

A.

Aeolus, 9, 12, 14 -16, 26, 9L, 181 152, 191, 208, 211, 223, 228, 438.

Amboina, 185786.

Amsterdam, 8, 27, 66711, 73, 75, 145, 156, 172173, 185, 210, 219, 302, 587588, 620, 637, 645
 616, 651, 657, 659, 676, 726, 737, 777.

Arent, 145, 167, 172, 177, 185, 192, 198, 204, 206207, 260262, 266268, 271, 288, 292, 351,
355, 358, 378, 413, 417, 120, 122, 429, 431, 135, 451455, 500, 506, 512, 536, 589, 608, 633 635,
637, 714, 649, G51652, 657 65H, 767, 777.

B.

Banda, 4, 46, 18, 19, 51, 60, 110, 327.

Bantam, 313, S21, 523329, 313, 139, 618.

Bantam (Nieuw), 1T1172, 185-186, 185189, 191192, (99, 200, 202-203, 20620S, 641.
651--652, 655 - 663, 688, 696 - 699, 701, T03--705, 723725, 728, 131 7H2, 735.

Bantam (jonk), 41.

Beer (ngelsche), 618, 620, 631, 689 699, 692, 703704, 712, 721722, 742-743, 754, 771,
7118719.

Bergerboot, 98, 100, 118-119, 125, 129 -130, HB, 146, 149 151, 153, 155- 156, 160, 164 166,
170, 219-220, 222 2D 1, 231, 238, LL, 249, 252, 254, 262, 261, 2GG -267, 307, 333 335, 351,
885-386, 388391, 393, 3953965, AOL. 106107, 416, 125, 110, 451, 487 ASB, 495, 499, 501
502, 507, 51 L512, 534535, 556, 569 -571, 578, 575578, 588, 594, GOO, 618, 641, 645, 657,
G61, 676, 688, 707, 717.

Bima, 514, 5:31, 605, G10.

Brack, 351, 353, 401, 112.

Bull (Engelsch), 675, 679 681, 684 686, 689 690, 694, 696697, 699, 701, 714, 716720, 724,
T31782, 716.

Bye (lngelseh), 697, 723.

C.

Ceylon, 9, 17, 32, 37, 330, 334, 346, 391, JIJ 394, GIL, 721, 188, 743, 749.

China, 726.

Cleen Amsterdam, 588, 590592, 602603, 605 606, 608, 629, 631, 666, 695, 705, 721, 769, 771

17.

Cleen Enekhuysen, 17, 19, 21, G163, 6G71, 75, 76, 79, 148, 268, 330.

Cleen Hollandia, 32, 33, 35, 3739, 49, 50, 125126, 181 135, 189 - 141, 145, LT 149, 155, 167,
170, 211-217, 264, 266267, 271, 215-276, 318319, 330, 415, 123 126, 455, 490, 194, 509,
oiL512, 515, 522, 549, 553, 555, 539, 560563, 569571, 573, 707, 759, 718.

Cleen Vlissingen, 45, 86, 58, 92, 95, 119, 121, 125, 1AJ, 116, 220222, 231, 241, 244, 252, 254, 266,
307, 355, 358, 886, 403, 409, 415, 187 138, 415, 449, 451, 455, 497.

Cloof (Engelsch), 7A1, 743, 145 746.
