i

Calicut, 218, 739.

Cambaya, 211, 354.

Cambodja, 248, 308, 335, 363864, 416, 418, 423 425, 455, 466, 469, 536, 560, 570, 577, 623, G33,
655, 708, 711712, 745, 750, 756, 759, 761, 784.

Campey, zie Koempih.

Canton, 241,

Cavite, 733.

Celebes, 98, 126, 181, 136, 176, 621G22, 763, 765.

Ceram, 185, 195, 257, 295, 472, 609G10, 615, GAG.

Ceylon, 181, 218, 299, 376, 448, 753.

Cheribon, 85, 187, 140, 205, 207, 222, 265, 268271, 275,311,316317, 320, 329330,412414,
422, 460, 480, 554, 579, 599, 603, 606, 628, 632633, 674, 741, 770.

Chiaul, 211.

China en Chineezen, ook in den Mal. Archipel, 35, 7,8, 1012, 14, 17, 20, 21, 24, 26, 28, 30,
33, 34, 60, 81, 83, 84, 87, 91, 99, 100-110, 113, 116, 118, 130, 137, 143, 149, 151, 153, 155, 166,
172-115, 179, 183, 185, 193, 196, 199, 211, 215, 218-219, 221-228, 230, 233 285, 239242,
248, 250, 252 254, 256259, 261-265, 267, 274, 277, 291, 297298, 301305, 307, 311, 314,
322, 329, 334, 336, 845 346, 349, 355 356, 358359, 363, 367371, 379, 382-834, 387 II,
894 395, 406-407, 411, 421, 423, 428, 432, 437, 439, AA1, 41445, A62, 465, 472, 497, 491,
493, A97, 581, 547-538, 547-548, 557-559, 561, 566567, 571 -573, 571-518, 587,591, 603,
609610,617, 627,629, 631632, 634, G41642, 644, GAG, G52E65A, 666G6LI, G71673, GH3,
687, 689, 691692, G95G96, 699, 700, 702 704, 706709, 711715, 717720, 727 728,
732735, 740, 742, 745, 747--749, 756760, 763, 774.

China Bata,: zie Bangka.

Chincheu, 88, 696.

Christenen, B, 9, 13, 184, 194, 320, 132, 530 540541, 609, G11, 615, 650, 658.

Cochin, 46, 54.

Cochinchina, 1, 5, 6, 11, 228229, 231, 233-234, 236241, 250, 321, 363375, 367, 369 - 370,

8372, 374, 420, 534, 537, 558, 517, G18, 653, 703, 711, 713, 715, 727, 735, 748.

Codgias, 580.

Compey, zie Koempih.

Condor (Poeloe), 363, 653, 732.

Coromandel (kust van), 4, 9, 20, 24, 25, 37, 45, 46, 51, 52, 54, 89, 91, 101, 115, 127, 189, 148, 151,
158, 161162, 170171, 181182, 185, 191192, 208-209, 211214, 216-217, 208, 975,
291 292, 298, 301, 310, 326 328, 331 332, 337338, 346, 348, 352, 854, BGL, 367, 371. 350,
898399, 406, 419, 425, 437 438, 445, 448, 450 451, 454455, 460, 466, 469, AT8ATO, 1107,
512, 535536, 553, 562, 580, 583588, 595, GOO, GOS, 61G, 618, 620, G2L, 627, 630631, GII
G34, 654, G59, G836S4, 686, G89G90, 692, 707, 712, 736, 752151, 768, 767 TGN, 776,
11871719.

Cosequi, 714, 718.

D.

Daboel, 211, 712, 752.

Damao, 285, 310.

Delft (kamer), 3, 585 586.

Demak, 205, 884, 889, 401, 579580.

Denemarken en Denen, 485, 588, 592, 600, 612, 625, 628, 647.
Diang, 212, 296, 144.
