813

Hart, 141, 147, 151, 162, 171-172, 188, 302, 452, 497, 499, 535, 542, 547, 553, 556, 583, 586, 588,
608, 618619, G79 685, 690, 694, 696 699, 723, 750753. - Prijs van dit schip: 542, 556.

Jlasewindt, 6, 18, 27.

Hector (Engelsch), 88, 122.

Hollandia, 38, 17, 19, 21, 26, 80, 145, 167168, 171, 182, 189, 198199, 206 207.

Hollandsche Leeute, zie: Roode Leeuw.

Hondt (Engelsch), 572, 575, 594, GOO, 618, G20, 641, 643, 657, 661G6C3, 665, 676, 688, 707.

Hoop, 17, 22, 25, 26, 3289, 49, 50, 240, 562, 587, 600, 656658, 714, 116720, 723724, 731
132, 735.

Hoop (Engelsch), 714, 716, 720, 724, 731 732,

Hoop (jonk), 228, 234,

Hoorn, 1719, 2126, 33, 35, 3739, 49, 50, 145, 167, 172, 185, 187, 189, 192 197, 199, 202,
206207, 246 -247, 278 280, 252, 286, 290, 305, 325328, 435, 439, 452, 474, 477, 480483,
507509, 512, 514, 531533, 542, 579, 556, 558, 594, 597-593, 612, 618625, 645646, 665,
668, 671, 677, 694, 706.

Hoorn (Nieuw), 587, 601, 608, 611.

J.

Jacatra, 1, 2, 5, 102103, 105, 107, 113, 220, 232, 235, 248, 252254, 258, 263 264, 266, 334,
347, 349, 3598360, 2633G4, 367, 313 374, 383386, 537, 494, 59, 597598.

Jayer, 268, 316317,385, 388, 390391, BU3, 440, 454, 487, 190, 492 193, 499501, 503, 507,
511512, 515, 522, 534, 547, 569571, 573, 575-576, 578, 589, 595, 602 603, 605, 665, 668,
670, 694695, 741, 743714.

Jambi, 87,92, 95, 119, 121, 125, 136, 138-140, 142.

Jaimnes, zie Royal James.

Jortan, 415, 499 685, 777, 784.

L

Leeuw mct Pylen, 4, 33, 45, 51, 238.

M.

Maca, 14, 15, 17, 19, 21, 26, 313, 358, 368, 438 -139, 455, 460A461, 471, 618, 651.

Maen (Nieuwe), 338, 340 BE1, 344352, 368, 438439, 618, 613, 653, 662, 676, 726.

Maen (Engelsch), 724 725, 728, 7381732.

Mauritius, 3, 27,47, 53, 61, G3, 70, 71, 75, 142, 302, 419, 438-439, 449, 452453, 716.

Medembliek, 376, 115, 178.

Middelburch, 14, 15, 17, 19, 21, 26, 75-77, 145, 149151, 155156, 164, 170, 183, 264, 295, 293,
310, 324, 445, 447,

Morgensterre, 257, 278, 287, 295, 435, 439, 514, 521, 528528, 5G9573, 5715 576, 578, 583, 59A,

600, 611, 641, 649, G51, 657, 661, 658, 707, 777.

N.

Nassau, 8, 21, 27, 122, 125, 181, 185-186, 211, 217219, 256, 258, 268, 280, 2383, 256, 298, 326
327, 342 343, 420, 439, 452, 467, 501, 512, 549, 566, 5GS, 588, 595, 597, GO2, 605, 669, 672-
678, 761. - Prijs van dit schip: 512, 588.

Neptunus, 17, 22, 26, 32, 34, 35, 37, 45, 64, 66-71, 75, 79, 81, 186, 145, 149 151, 154-157, 159,
161162, 161, 166, 170, 187, 209, 214, 216217, 220, 291292,300301, 304, 339-841, 343
347, 319, 358, 199, 452, 457 455, 162, 467-- AGS, 473 175, 479, 453, 185, 139, 509, 512, 531,
517, 566, 568, GAL, G45, 657, 661, 700, 777, 779.
