S14

Oo.

Orange, 3, 4, 46, 48, 51, 284, 286. 299, 587.

Orangeboom, 61, 141, 144, 162, 226, 231, 2A2, LASLAI, 252254, 256, 259, 265, 271 273, 285,
302, 307, 438, 587-58S, 595, 620, 630 681, 634, 637, 657, G65GG6.

Osiander (Engelsch), 1, 10, 100, 108,

P.
Palsgracff (Engelsch), 724-725, 728, 7381 732.
Pepereorn (Engelsch), 699, 701.
Postpaert, 297298, 302, 307, 342 343, 366, 438, 587, 620, 642,673,700, 750751, 758, 7187179.

1                                                                                                        R.

A                                                Roode Leeuto, 285, 297, 321, 336, 363, 188, 537.

Roos (Engelsch). 618, 620, 690, 692.

Rotterdam, 4, 15, 23, 29, 30, 33, 47, 52, 53, GO, GI, G3, 70, 71, 142, 195, 102, 677,
Royal Janes (Engelsch), 445, 7027083, 7107, 727, 745,

Ss.

Salomon (Engelsch), 101.

Sampson (Engelsch), 572, 575, 594, 600, 618, 620, 745, 652, GS8689, 691 -693, 702, 707, 709,
711712, 760.

Schiedam, 715 716.

Schoonhoven, 718779.

St. Louys (Fransch), 347, 351, 353-354, 893, 400, 457.

St. Michiel (Fransch; door de Compagnie aangeslagen), 338-339, 346, 8503851, 353-354,
386, 393, 400, 439, 441, 457 458, 461 465, 465, 180, 482453, 185, 189, 514, 521, 523- 52H,
531, 547, 519, 588, 590 -593, GOO, 676, 723726, 131732, 735.

Sonne, 14, 17, 19, 21, 26, 28, 321, 438.

Sonne (Oude), 285, 297, 363 B61, 869370, 372, 438, 492 193, 496, 499506, 51151Y, 534,
537538, 549, 557, 588, 613, 640, 6B5, 729.

Sterre, 17, 42, 43, 63, 100, 105, 117, 145, 167, 172, 185, (92, 204, 206 - 207.

Sterre (Engelsche), 620, 611, 645, 657, G61, 663 665, 676, 777.

Swacn (Engelsch), 259, 278, 287, 295, 439, G1S, 618, 653, G62, 676, 726.

Swarte Beer, 21, 47, 100, 181, 209211, 292, 3028308, 438, 4417, 452, 475, 582, 585, 619, 631, G33.

Sioarte Leeuw, 54, 98, 102104, 109, 111, 113, 115, 115120, 122, 129 1:30, 170-171, 195, 229,
232233, 2385239, 241, 250, 284, 286, 322, 336, 340, 360-3G1, 363, 3C5 BGN, 37237 Lt, 135,
440, 477, 491494, 499, 501502, 505, 511, 520, 531, 534585, 555 557, 559, 587, G5.

T.
Taffasoho, 541542.

Ternate, 726, 747, 761766, 715, 777.

Tholen, 382, 398, 419, 438 439, 449, 452 453, 587, 600, 605, 620, 700.

Trouwe, 167, 171172, 185189, 191192, 202-203, 206, 208, 416, 439,452,490,511512, 514,
518520, 523-525, 528529, 531, 533, 542, 549552, 554, D64, 566, 565, 538, 723725, T2H,
131732, 785.

Tijger, 316818, 402-403, 406, 408, 415, 454, 488, 490, 499, 542, 544, 546, 556, 562, 553, GIO,
633637, 177, 785766.

U.

Unicorne (Engelsch), 02703, 707, 727, 735.
