810

Tacomi, 26, 184, 465.

Tafelbaai, 217.

Tafasoha, 463, 528, 588, 590, 592.
Tagoe, 607, 687.

Taliabo, 465, 523, 525, 542, 544, 546.
Tandaya, 648.

Tandjong Salang, 254.

Tegenapatnam, 54, 213, 216-217, 581.

Teluecco, zie Toloeko.

Tenasserim, 228, 361, 367, 447.

Teroate en Ternntanen, 129, 1338 134, 164, 172, 175, 210, 257, 312, 314, 419, 440, 450, 157, 162
463, 470, 472, 5292, 542, 5AL545, 547, 589 590, 592, GIO, 618619, 652, 765.

Terra Alta, 172, 204205, 318, 547, 642, 665.

Terra Australis, 164.

Texel, 3, 61.

Tidore en Tidoreezen, 126127, 1381134, 163161, 169, 1738174, 178, 188181, 187, 257,
284, 296, 312, 440, 460, 462, 466, 589, 726, 765.

Tikoe, 47, 53, 88, 122125, 129, 144, 158 160, 170, 215,231, 273, 351, 374378, 397 399, 149
452, 497, 612, 535, 595, 600, G16, 618620, 6G25 631, 633, 668, 6E2 686, 690, GI2, 696 GIR,
123, 138739, 750754, 77187179.

Timao (Poeloe), 86, 131.

Timor, 43, 44, 57, 63, 89, 100, 105, 118, 129, 172, 192, 204-205, 234, 316317, 326, 427,429 132,
440, 454, 473, 479, 550, 562, 572, 582, 634,637, 709, 785 786.

Tinaro, 338.

Tirepopelier, 46, 211, 213, 291 292, 296 297, 302 305, 4A4, 448, 451.

'Toeban, 35, 207, 311, 357, 401167.

Toloeko, 545.

Trang, 101.

Tsiampa, 570, 577.

Turken, 737.

Versche rivier, 73, 178, 278, 424, 455.
Vlaamsche banken, 347.
Visagapatnam, 619.

Visiapoer, 162.

Vlakke Hoek, 122.

Vlissingen, 273.

Vuurland, 164.

W.
Wajer, 646.

Wezel, 27.

Z.

Zeeland (kamer), 8, 171, 249, 301, 347, 381, 600.
Zuidzee, 128, 674.
Zutphen, 783.
