Arvelen, 34.

Asiloeloe, 367, 567.

Assab, 761.

Assnhoedi, 446 447.

Atjeh en Atjehers,27 29, 35, 53, 57, 59 -61, G3, 90, 92, 100 101, 110, 129, 135, 138, 140, 153

154, 180, 201207, 227, 233, 217, 253254, 273, 291, 307, 322, 325, 328-331, BIL, BLG, 349,
313374, 378, 393, 400, 412, ALA, 419, 436, 174, 477, 197, 199, 500, 505, 514515, 517, 529, 529,
540, 542, 5AT7518, 551552, 573, 587, 595 - 596, GOO, 605 608, G10, 613, 667 672, 680, 694
695, 708, 711, 714, 726, 136, 788 739, 760, 7787179.

Australis Terra), 225.

B.

Bab-el-Mandeb, 696.

Balambangan, 315, 419, 451, 757.

Bali, 53, 212, 265, 451, 506, 572, 606, 625, 757.

Ballagatte (land van), 58.

Bamingannepoeli, 611.

Banda en Bandnneezen, S, 13, 14, 23, 24, 83436, 44, 16, 51, 53855, 57, 74, 75, 7850, 95, 86, 59,
ga, 99, 100, 102--103, 107, 117, 120, 1238 124, 127 128, 131184, 137 141, 145 148, 154,
156, 158-160, 162, 164, 170173, 193-201, 205 -206, 207 -209, 218-214, 216, 220, 222,
926228, 989-240, 249, 245216, 252, 25G2G1, 263265, 269, 277, 279-282, 239, 298,
301 302, 304 305, 309313, 317, 320, 325, 323, 344, 347, 352, 354, 362370, 372, 374-375,
817378, 388, 390393, 395-396, 398, 400102, A01, 412 -414, 418, 422, 126, 135436,
439440, 442, 445, AATA4S, 453, 455, 460, 155, 457, 192, 498-500, 501, 506507, 510, 525,
527 528, 534, 540541, 514, 558, 560561, 563, 567570, 572574, 577 550, 553, 586 5I2,
594, 598, 600, 602, 616, G1S, 620, 625 - 626, 628631, 636G1I, 651, 653, 659, 651, 666, 668,
670, 674 677, 680- 652, 654685, 683, 694, 697, 701705, 708, 711, 724, 726, 729-782, 730,
TAL, 748744, 746, 748 749, 751 753. 768, 782787, 790, 792, 791795, 797, HOO, 302.

Bandjermasin, S5, 390, 773.

Banggai, 372, 453, 455.

Banka, 285, 735.

Bantam en Bantammers, 1-3, 59, 20, 21, 2426, 31, 3741, 45, 48, 50, 51, 55, 62.71, 78, TA,
78, 83, 85, 57, 88, 90, 92, 96, 99, 103, 105, 107 - 108, 110111, 113, 115121, 128, 132, 154, 135
139, 146, 148-150, 157, 159, 161, 164-166, 169, 173, 177178, 182 184, 186190, 199,
207212, 214216, 222, 228, 230-231, 233, 243, 247--253, 255, 261, 265-267, 269-270, 273
274, 276 278, 252, 285, 259, 298, 301, 303310, 313, 316, 319327, 329, 331,33:531:3, 346,
350352, 354, 3563652, 364, 370-371, 3738878, 381383, 385-387, 390301, 393, 895
898, 404, 406410, A14 424, 426 427, 430, 433, 135437, 439 142, 4A4A LH, 148140,
455, 459, 460, 464475, 478479, 482-155, 488-490, 492493, 497, 500503, 505, 508,

510, 512, 515517, 520, 522-529, 533, 535, 587 148, 545517, 549-H5L, 553, 555-556, 508,
561, 565, 574, 578, 5S0551, 583, 586, 588 559, 592, 595 - 596, 593, GO0602, 605, 508-609,
615-618, 653655, 657- 658, 669 670, 672, 655, GOL, 701705, 713714, 719, 723, 726,
731733, 746 741, 713 716, 787, 792, 503.

Barampoer, 206.

Bassaing, 760.
Batachtna, 600.
Batavia, 640641, 613G614, 650, 653657, 661, 668-669, 673, 675, 678, 686 687, GO2G93,

695, 697698, 700 702, 705, 705, 711, 723, 725 726, 731, 734 731, 736 737, 789, 741K 749,
T51, 1753757, 750, 765 -768, 1707171, 773, 1716 792, 791-799, SOR 805.

Batjan, 15, 17,45, 401, 4149450, 493, 534, 565, 570, GOO, 651 652, 786, 800.
