mn

838

Soenda (straat), 1, 839, 72, 89, 109, 137, 150, 156, 158, 215, 265, 252, 291, 339, SA1312, 875, 421,
423421, 433, 152 453, 45GA45D, 170, 173474, 479, 496AI7, 507, 513, 522, 537,512, 545
546, 553, 586, 599, 605 606, 656, GT74, GSO, 701, 706, 756757.

Soerabajn,28,74,75,119120, 122, 226,252, 339,375,451, 502, 522, 561,596, 653, 707,709,773,775.

Sofala, 666.

Soja, 367, 892.

Sokanora, 18, 19.

Solok, 15, 453, 455, 546, 784.

Solor, 10, 21, 22, 3436, 44, 46, 51, 54, 57, 7678, 107, 115, 120, 122 123, 126, 131, 134, 137,
14S, 154, 196, 211, 262, 295, 313 345, 374, 378, 391, 393, 402, 419, 433, AAO, 443, 445, dol, 153,
415, 492, 506, 522, 570 562, 625, 673, 697, 739 740, 749, 781, 792, 801 -802.

Spaansche Zee, 495.

Spanje en Spanjaarden, 15, 17, 19, 20, 49, 57, 72, 81,83, 87, 94, 117, 119 121, 127, 156, 163
165, 167, 175 176, 181, 192 194, 196, 199, 201, 205, 20720S, 210, 215, 220221, 226, 260,
263264, 2i1272, 287, 202, 295, 297, 301-304A, 817, 322, 318349, 365, 368-370, 372, 395,
434, 138, 443, 418, 150, 454, 182, 492, 497, 500, 504, 525, 529531, 536, 541, 544, 568564, 567
569, 580, 588, 591, 599, 600, 603, G11, 635G636, 639, G50 -553, 662, 665, 672, 676GT7, G82
683, 685, 690, 700, 712 718, 715716, 726 -7127, 782, 744746, TAS, 750 751, 769, 787.

Spiritu Santa (kaap), 541, 567, 635, 674, 682, 659, 724, 138, 746, 749, 768, 776.

Straatsburg, 268.

Suez, 235, 695, 721.

Suhalt, 760.

Sula, zie Solok.

Sumatra, 137, 150, 155, 157, 166, 177 178, 154, 207, 240, 254, 265, 299, 322, 412, 185, 500, 513,
520522, 51, 586, 595596, 605 -G07, G14, 661, 666, 672, 708, 711, 713, 724, 786 -787, TAS
7149, 760, 778779, 792. 794.

Surate, 60, S7, 100, 109110, 125, 180, 171172, 180, 188, 206207, 222, 237 239, 267, 273,
281, 290, 291, 313, 328, 338, 310341, 316347, 354, 360, 358, 393, 412413, 420, 422, 477,
486487, 496, 499, 514, 516517, 520, 528529, 540 541, 546, 573, 589590, 595, GOO, 611
612, 634 - 636, 666, 665, 671, 650, 655, 655, 693, 695 - 699, TOS, 7117T12, 720724, 726, 737,
748749, 75375A, 160 762, 781, 791 192, 791, SO1 802, 804, 506.

T.

Tabilolo, 500.

Tacomi, 716, 786, 800.

Tafnsoha, S00.

Tafelbaa:, 755, 803805.

Taffoeri, 564.

Tagal, 615, 749, 772.

Tahoeloe, 15, 17-19.

Taliaboe, 564, 650, 745, 784 785.

Tamilaoe, 566.

Tamsaui, 765.

Tanahara, 325, 340, 508, 545.

Tartarije en Tartaren, 691 692, 710, 726.
Tayouan, 764.
Tegenapatam, 156, 237, 252, 291, 413, 499, 517.
Tenasserim, 60, 611.
Ternate en Ternatanen, 10, 12, 13, 1521, 45, 57,80, 81, 83, 120, 124, 127 128, 130, 192, 198

