8
834
Manicabers, zie Minangkabauers.
Manila, 15, 20, 49, 50, 56, 87, 94, 102, 126, 140, 154, 158-159, 163, 165167, 180182, 184185,
191192, 194, 201, 219, 216, 220, 226, 998, 235, 250, 267, 2702711, 250, 287, 293-295, 295,
300, 315, 383, 345, 347, 810 8372, 377, 388, 401 - 403, 433-435, 438, 150, 453, 180, 191492,
498, 518, 530, 540 41, 551, 562563, 565, 567, 570, G35G36, 650, 653, GGO, 662, GG5, 667, 670,
                                                       677, 681 682, 689691, 6976AS,710,701,712,715716,723724,72G 727, 738, 745, 748
R                                         749, 751, 762, 765772, 792, 1941 T795, 798 7199.
                                                   Manipa, 18, 15, 256, 447, 566, 742748, 751.

Mardijkers, 196, 260, 370, 564, 651, 300.
Marieco, 15, 126127, 450, 536, G49, 651, 744.
Marinduque, 371.
kh                                                    Masalegam, 758.
                                             Mascarenhas (Ilhas), 521522,
Masulipatam, 9, 30, 109, 133, 160, 273, 282, 373, 412, 498, 515-517, 546, 600, G11612, 635,
695697, 753, 781.
Mataram, 23, 24, 78, 74, 101, 119, 182, 189190, 207 208, 211, 252, 255, 278, 282, 304, 809, 339,
343, 345, 362, 374, 387390, 406, 120, 436, 4A1, 469, 412, 501 502, 509510, 519, 542513,
547, 552, 561, 568, 574, 596-597, GO2, GIA--G16, 653 654, 676, GTI, GOA, 705, 707, 726, 710,
747, 112 178, 715116, S03.
Mauritius, 8, 39. 49, 136-187, 150 -153, 162, 171. 174, 176, 203, 229, 266, 271, 308, 487, 522,
Maro (Itha de), 1.
Mayottes (de), 308, 373, 693, 755.
Menxima, 294.
Meliapoer, 29, 88.
Melinde, 238.
Mennonieten (in Nederland), 484.
                                             Mexico, 105, 270, 712.

Miaux, zie Siau.

Middelburg, 170.

Middellandsche Zee, 617.

Minangkabauers. 177-178, 189, 204, 255, 476.

Mindanao, 370, 659, 745.

Mindoro, zie Mindanao.

Mocha, 130, 237- 210, 201, 316, 486, 486, 499, 520, 528-529, 540 -511, 573, 595 - 596, 607, 612,
666, 693, 695 696, 7121722, 748, 7154, 760-762, 801 802,

Molali, 760.

Molukken, 1, 4, 5, 7,8, 14, 16, 20, 21, 25, 32, 33, 35 37, 44, 46, 47, 4951, 5355, 57, 59, GO, 62,
64, 74 76, 8083, 55B7, 89, 9395, 100, 102, 107, 110 111, 116117, 119121, 124127,
130, 132155, 137-141, 144145, 148, 154, 156, 158- 160, 162, 164165, 170, 172175,
179-181, 187188, 191195, 198202, 205, 207, 209, 212-214, 216, 218,220, 222, 224, 227
228, 235 236, 241 242, 245216, 255. 259-265, 270, 273, 277, 279282, 289, 204, 297 LK,
804 305, 309313, 319320, 325, 333, 347, 352. 354, 860366, 368372, G75 378, BEN,
892-396, 400404, 410-414, 418, 422, 436, 440, 448 450, 452 453, 457, 464, 157, 490, 192,
498501, 505, 510, 518--519,526527,540 541, 514,551, 558, 560565, 568 570, 572, 517
581, 587589, 591, 594, 599. 600, 602, GO4, 616, 618, 620, 633, 635 638, 6G19 653, 659, 666,

                                                  670, 675, 679, 771, 686, 694, 697, 701704, 724, 726, 741, 744-746, 748-752, 770, 712, 184

187, 789790, 7192, 794, 800B02.

Mombassa, 658,                          :

Mooren (Mohammedanen; soms ook: Voor-Indirs), 7, 23, 73, 81, 128, 133, 140, 175, 198, 208,
287, 310, 328, 339, 3665, 368869, 394, 413, 441, 446, 483, 493 499, 508, 525 - 526, 531, 539, 543,
