837

Quamers, 178, 476.
Quedn, zie Kedah.
Quinam, 294295, 345B46, 851.

R.
Rasalgan (eabo de), 696.
Roemakni, 566, 600.
Roode Zee, 130, 291, 310, 328, 389, 372, 376, 589, 595, 696, Z5d, 758.
Roomsclien, 692,
Rosengein, 257 259, 629, 631, 641, 782.
Rotterdam (kamer), 311.
Run (Poeloc), 196197, 252, 256260, 262, 274, 278 279, 281, 804, 36336A, 391-392, 404,
506, 597, 616, 626 -627, G29, 631G683d, 612643, 645616, 675, 729 730, 7182183.

Ss.

Sabang, 738.

Saboegoe, 15--17, 21, 148, 156, 314, 600, 649, 651652, 741 715, 784, 800.

Sahoelau, 566, 648.

Sambas, 76, 85.

Sambilan (Poeloc), 683, 688, 737.

Samite, 566, 648.

Sammer, 259, 628-629, 642643.

Sana, 238.

Sangir, 561.

Sangora, 33, 83, 57, 101, 161, 203, 246 296 -297, 346, 470, 512, 527, 581, 612613, 672673, 693,
707,713, 731, 181, 118.

Sapi (baai van), 51, 475.

Seena, zie Sana.

Schotland en Schotten, 811, 323, 406, 620.

Selama, 259, 364, 391, 457, 569, 629-631, 641613, 676.

Selebar, 240 -241, 254, 286, 608.                       :

Siam, 32-34, 37, 14, 46, 60, 83, 101, 107, 110, 129, 182, 135, 143, 176, 203, 292, 295295, 304,
346, 378, 136, 476, 485, 198, SII, 518, 538, 510, 502, 563, 610, 612, 666, 672, 683, 694, 699, 706
707, 710, 713, 737-739, 749, 771, 7718.

Siau en Siauers, 126, 1-18, 156, 195196, 561, 626, 783.

Singapoer: (straat), 87, 94, 179, 192 193, 591, 683, GS9.

St. Brandaan, 693, 758.

St. Helena, 39, 52, 756, 761, 803, 805 80G.

St. Jago, 159.

St. Jorgo, 759.

St. Luecin (baai van), 2, 19, 53, 136--137, 266, 288, 321. 521.

St. Malo, 253, 291, 322, 324, 328, 339, 356, 303.

St. Maria, 521.

St. Thorne, 777, 793.

Sirisorri, 566.                                                                                            p

Socotorn, 30, 75, 85, 92, 133 134, 136, 218, 228, 302, 309, 816, 378, 132, 156, 178, 197, 510, 540
41, 569, 572, 599, 691.

Soekadann, 830, 75, 85, 02, 183 -13t, 136, 215, 228, 502, 309, BAG, 378, 432, 456, 178, 497, 510,
540511, 569, 572, 599, 694, 740, 773, 187.

