829

Denemarken en Denen, 328, 313, 398, 475, 488-490, 497, 517, 524, 529 531, 533, 596, 603, 614,
620, 672, 700, 713, 749, 753.

Dieppe, 274, 190, 607G608.

Diu, 109, 696.

Drie Gebroeders (de), 365.

Duytsen (steeds in den zin: Nederlanders), 17, 88, 50, 269, 288, 292,

E,

Eendrachtsland, 720.

Elpapoetih, 566, 742.

Ema, 392.

Engano, 236, 421, 496.

Engeland, Engelsche Companie en Engelsehen, 9, 1114, 29-31, 36, 38, 46,48,49,5153,59,
6267, 7073, 75, 76, 79, 83, 85, 87S89,91,99, 104 105, 109111,114125, 128129, 131
184, 135, 188 1d, 146 - 154, 156, 158, 160, 162166, 168, 170--179, 181, 184-185, 187, 189
201, 205-206, 205 209, 211, 213216, 220 221, 223224, 226230, 232, 239, 242243,
245, 247, 252-260, 262-261, 269, 273274, 276278, 280-282, 284255, 287288, 294,
298305, 307, 309313, 316-317, 321322, 321325, 328-310, 337, 339340, 342343,
345, 348, 852, 31, 356 862. 364, 366, 369374, 375, 379, 381 353, 387 338, 390 391, 395,
391395, 400401, 404407, 409411, 414416, 415 -431, 433 A3A, 36, 439-445, HT
418, 152-453, 455169, 474-579, 482, 485490, 495 500, 503-504, 506, 510-517, 519,
n21, 521533, 536, 538-555, 558, 560--n63, 165, 567-570, 575-582, 584593, 595598,
601603, 605-606, 608610, 512-614, 616-619, 620621, 626627, 63264, G36637,
613, 645 646, 649 650, 653661, 667671, 671677, 680652, 684 685, GBB, 690697,
700705, 708, 712 15, 719, 721-724, 129-730, 733-736, THS 741, 744747, TA9--T5A,
157-761, 761, 769770, 773, 775, 1779783, 756, 788, 192, 800.

Enkhuizen (kamer), 110, 311, 730.

Erang, 366, 369, 647,

Ethiopit, 761.                                             .

Europa, 31, 86, 85, 85, 100, 1dl, 172, 20720s, 211, 221, 263 264, 310-011, 328, 329, 356, 359,
116, 153, 187, 581, 511, 685, 690, 714. 719, 749, 791. 793791.

F.

Farma, 77.

Firando, 292-293, 345-846, 483-435, 518519, 540, 562563, 582, 635, 658, G81682, 764.
167, 769772, 802,

Formosa, 135, 635, 692, 712, 715, 764.

Frankrijk en Franschen, 172, 253, 256, 259, 263, 268, 276277, 281285, 297299, 302, 310
811, BL6, 320, 322, 325326, 328, 230, 338, 839342, 348, 354856, A59, 361, 374, 388, 393,
308, LIN, 434, AAR, 475, ABB A90, 197, 521-525, 529 531, 536, 539, 596, 603, 607 609, 614,

617, 620, 637, 672, 780, 695, 700, 705,713, 729, 732, 749, 752, 787, 719.

G.
Galle (Punto de), 199, 672,
Gamoekanora, 17, 148, 156, 168.
Gamoeclamoe, 15, 17, 370.
Geldria (fort), 8, 58, 517.
Gerimiyuema, 758.
Gilolo, 260, 600, 651, 800.

EN NE NE

ensen

Ds
