REGISTER DER SCHEPEN.

A.

Admtrael van Batan (Spaansch), 689.

Aeolus, 36, 52, 53, 84, 91, 93, 102, 137, 145, 178, 201, 205, 236, 271272.

Alckmaer, 655, 661, 672, 694, 699, 710, 803, 805.

Amboyna, 615,673, 734, 739, 800.

Amsterdam, 90, 93, 97, 98, 139, 154, 160, 170, 175, 195, 198, 202, 223221, 228-229, 234,242,217,
219, 318, 595496, 500, 510, 520, 529, 540, 568, 570, 594, 596, 618, 625, 642, 619, 681, 719, 730,
141, 785.

ana (Engelsch), 496, 661 - 662, 722, 758760.

Aracan, 610, 626, 6:41, 650, 740.

drent, 49, 50, 53, 50, 82, 93, 94, 126, 222, 225, 241, 254, 261262, 291, 329, 339, 375, 393, 445, 451,
155, 175, 479, 528, 540, 570, 572, 589, 615, 685.

Arent (lBngelsch), 701, 703, 736.

dArmuyden, 655, 613, 684, 6399, 694, 714, 717, 787738, 117, 7197.

Attendance (Engelsch; door de Nederlandera veroverd en Vliegende Bode genaamd), 364, 374,
102, 435 -1:36, 518519, 510. 562, 579, 596, 598, 618, 626, 635, 650, 658.

B.

Banda, 15, 81, 91, 95, 97, 102-104, 109, 112, 114, 150, 183.

Bantam, 35, 52, 65.

Bantam (tweede schip van dien naam), 284, 212, 257258, 291, 322, 324, 364, 388, 401, 518
519, 520, 562, 681 682, 769-771.

Batavta. 739, 748.

Beer (Engelsch, door de Nederlanders veroverd), 496497, 518515, 528529, 552, 563, 587,
595, 59N, 610, 621, 558, GTI, 714, 724, 733-734, 7162, 766767, 780.

Bengale, 747.

Bergerboot, 110, 191, 194, 203, 210, 213, 226-227, 247, 254, 291-292, 326, 340, 346, 379, 410, 429
 130, 432, 413, 145, 451, 158455, 470, 476-477, 510511, 529, 541, 570571, 589, 599,
651, 714.

Bie (Engelse), 750.

Bima, 506.

Blessing (Engelsch), 761.

Bonijt, 738, 748.

Borneo, 714, 737738.

Bracy, 314, 391.

Bruynvis, 655, 6783, 136 71371, 719.

Bull (Engelsch), 513546, 55255d, 562, 681682, 762, 764, 769770.

C.
Ceylon, 15, 82, 195, 324, 346, 370, 410, A14, 492 --433, AAL, 453554, 56, A5B459, 478, 510, 517,
522, 538, 542, 563, 694, 71d, 747.
Charles (Engelsch), 617, 655, 670, 680, 685, 703.

'
'

nn

an gn mm an mn mn mn en
