843
F.
Firando, 562, 737, 771.
Fortuyne (jonk), 202 203, 242, 673, 740.
G.

Galliasse, 170, 191, 194, 203, 210, 213, 218, 2467, 253254, 203204, 345, 133 485, 518
519, 529, 556, 561, 612, 672, 683G84, 639, 71d. 724, 7627 6L, 167, 799.

Gelderlandt, 7, 15,24, 81, 01, 95, 102103, 109, 114, 150151, 162.

Geunieerde Provintin, 1,2, 4,8, 15, 24, 39, 41, 81, 91, 95, 102104, 109, 114, 150, 221, 718.

Gilees (Portngeesch), 609.

Globe (Engelsch), 59, 63, 91, 109, 111. 144, 583, 614, 635, 703, 743, 800.

Goa, 7771.

Goede Wortuyne, U88, 290, 299, 309, 311, 821, 324325, 330 B31, 33-335, 333, 352, 375, 393,
396, 504, 508, 521, 527, 537, 582, 586, 590, 596, 615, 617--618, 661, 722, 758, 760.

Goede Hope, 495.

Goes, 28-30, 37, 48, 57, GO, 90. 103, 107, 150, 154155, 161, 171, 178, 184, 205, 273, 283, 413.

Gorcum, 118, 747, 779.

Gouda, 865.

Gouda (tweede schip van dien naam), 655, 678, 685, 699, 701, 703, 705, 711, 718.

Gouden Leeuw, 234, 242, 273, 282 283, 290, 308, 349, 412415, 419, 423,428,433, 436,445, 158
4155, 490. 195, 503505, 508, 513, 522-523, 560, 582, 655657, 661, 6170671, 697, 706708,
124, 727, 766, 778, 802303, 805 806.

Groene Leeuw, 29, 57, 58, GI, 90, 102, 114, 194, 142, 145, 147, 150, 152, 155, 158159, 162, 171,
175, 191, 268, 279, 288, 308, 362, 364, 393, 445, 451, 455, 175. 479, 500. 522, 540, 571 572, 589,
599, 615, 673, 714.

Groningen, 585, 606, 610, 617, 619, 621, 672, 714, 724, 762 164, 766 768,

Hi.

Haen, 655, 673, 683634, 724, 762, 764-165, 767.

Jfaerlem, A52, 455, 457 G0, 479, 500, 513515, 529, 562, GS1--682. Prijs door dit schip ge-
inaakt: 152, 455, 458, 7677169, 771,

Halve Maen, 22,77, 78, 178, 189, 134, 247,291, 339, 357, 390, 534,

Jfarinek, 655, 672, 680, 736, 756757, 718, 797.

Hart, 52, 58, 90, 92-94, 96, 97, 99, 100, 103, 105, 109, 114, 159 160, 187, 191, 212, 219, 221, 225,
227--22R, 230-234, 242243, 247, 249, 265, 273, 406, 433, 152, 155, 458 460, 473474, 478
479, 516, 523, 529, 5l1547, 552, 573, 586, 595, 60570S, 618, 62627, 632, 634, 650, 655,
661662, 722, 758.

Hasewint, 14, 15, 17, 123. 211 -212, 655, 672, 720, 736, 788, 756 157, 797.

Hector (Engelsch), 194, 206.

Hermitage (Fransch), 729.

Heuaden, 718, 723, 181, 757, 760.

Heylbot, 634, 65.

Hotlandia, 35, 90, 93, 97, UI, 139, 147, 179, 242, 259, 395, 585, GO5G606, 615, 61S, 625, 632, 639,
G1f612, 650, 670, 677--678, 630, 703, 711, 718.

Hollantsche Leeuw (ook genaamd Roode Leeuw), 1517, 52, 126, 195, 198,271,273, 280, 292293.

Hont (Engelsch), 510511, 529, 541, 570, 599, 650, 658, GS1, 724, 745 -746, 770, 799.

Hoorn, 49, 50, 823, 93I5, 170, 195 196, 221, 228, 242, 256259, 298, 313, 344, 361, 588, 391
398, 100402, 419 120, 145, 455, 457- 158, 178, 510, 529, 539, 568, 570, 539.

Hoorn (twoede schip van dien naam), 495, 520521, 523, 538.

