835

565566, 583, 591, 603, G37, 647648, 672, G95 697, 708, 721, 726, 741, 748, 750, 761762,
7181, 784,

Moorenland, 794.

Moro, 564, 599, 600.

Morriasina (kust van), 566.

Motir, 144, 449, 651 652, 7145 746, 785 7186, 800.

Moupoli, 516.

Mozambique, 215, B7G, 683, 690, 693, 722723, 718, 755, 757 TGO, 762.

N.

Nangasaki, 202 -203, 254, 293, 345, 133, 435, 520, 530, 562, 635, 771 -772.

Nanking, 692, 726, 768.

Naos (Ilha das), 193, 246, 283.

Narrepilli, 753.

Nursepoer, 58, 412, 499.

Nassneguia, zie Ngofakiaha.

Nassau (eiland), 607 680, 693, 758.

Nassau (fort), 195, 197, 256258, 2889, 362, 506507, 568, 633, G39.

Nederland en Nederlanders, 58, 98, 100, 104, 109, 111, 115, 129, 134, 158, 165, 181, 235, 239, 263,
263, 258, 291, 301-302, 305, 310, 322324, 311, 348, 3515, 362, 3GV, 286, 115, 429, 431, 135,138,
110, 446, 450, 456, 461, 463 46L, 467, 170, A74, A76 47S, ASI 182 494488, 490, 197 199,
501, 509, 511, 516, 519, 524, 529 532, 531535, 542, SAL, 547550, 555, 162563. 574578,
580, 587, 597, 599, 601, 603, 614, 618G19, 629, 632-633, G44, 619, GGO, GGH, 670, 672, 679, 68L,
685, 630, 693, 695 696, GIS, 703 TUA, 711T714, 716, 718, 723-724, 727, 730 -732, 735736,
148 150, 755, 760 761, 769, 773, 782, 787, 189 796.

Nederlandsche O -I. Coimnpagnie, passim.

Negapatam, 291.

Neirn (Banda), 568, 594, 626, 630631, 639.

Nennet-baai, 642.

Ngofakinha, 261, 449, 745, 151, 800.

Nilaika, 61:5, 7:30.

Noesnlaoe, 366, 566 567, 631.

Noesatelo, 366, 567.

Noffag, zie Ngofakraha.

Nuorderkwartier (kamers van het), 181.
Nova Spangin, 105, 172, 180, 220, 267, 371, 635, 682, 689 690, 750, 772, 792.

O.
Oeliaaer, 366.
Oering, 86.
Oma, 366, 565,
Onrust, 108-109, 120, 123, 427, 474.
Ontong Java, 359, 388.
Oostland, 749.
Orienten en Orientalen, 119, 181, 206, 215, 220-221, 354, 438, 484, 726.
Orissa, 4135.
Orniuz, 658, 690, 721 722, 75
Ortaltan, 197, 363, 627 - G29,
Otong, 126, 180, 181.

ES

, 160.
