836
Ourien, zie Oering.
Ouwendender, 259, 364, 629, G31.
P.

Pahang, 249, 436, 551.

Paleusbang, 157, 178, 285, 409, 510, 529, 563, 598599, G13,658, G73, 709, 784, 187, 180.

Palembang (straat), 81, 250, 822, 875, 421, 478, 510, 520, 734.

Paliakate, 29, 30, 58, 109, 133, 237, 273, 283, 990, 373, 412, 498, 515517, 573-574, 582, 588,
611, 616, 620, 703, 738, 758, 781, SO1.

Paligama, 240.

Pandjang (Poeloe), 1, 38, 50, 73, 215, 421, 124, 458,

Pandorang (baai van), 762.

Pangasinang, 772.

Pangaya, zie Banggai.

Papangers, 17, 751.

Partappaxas (land van), 378.

Pasoeroean, 252.

Patani, 4, 25, 27, 28, 3137, 44, 47, 81, 84, 87, 92, 95, 99 101, 103, 107, 110, 129, 132. 134, 137,
143, 156, 164, 172, 176177 181, 186, 202204, 229, 216 -247, 251, 254, 266, 272, 292, 294
297, 304, 306, 315, 320, 345346, 317 378, 390, 400, 421, 435 43G, 139, 467, 170, 474, 476
478, 492, 497, 500, 505, 510-512, 529, 540, 546, 552, 561563, 569, 581, 587. 589-590, 598,
GO4, 610, 612614, 617, 620, G5S, 672, 633, G99, 707, 709711, 713, 737, 739, 7149, 778, 791, 799.

Paternostors (de), 262,

Pati, 374.

Pavay, 270.

Pedro Branca, 683, 638.

Poegu, 60, 499.

Pehoe, 764 768, 770, 797, 799, 801802.

Peking, 691692,

Pernambuco, 498, 503, 751.

Perzi, 388, 372, 590, 669, 670, 721 722, 724, 753, 760.

Peru, 105.

Pescadores (de), 715, 725, 127, 164, 768, 770 7711.

Petapoeli, 156, 237, 252, 412,

Philippijnen (de), 433.

Pisang (Poeloe), 642.

Poeloceri, 291, 418.

Poetri (Poeloe), 388.

Ponthang, 417, 508.

Portugal en Portugeezen, 9, 10, 15, 16,21, 22, 28, 29, 1951, 58, 60, 72, 73, 75, 17180, 8G--38,

                                            94, 102, 120, 122, 125126, 131, 133, 189 141, 145, 177 178, 180 181, 185186, 192193,

199, 203-205, 209, 211212, 219 -221, 240, 246, 254, 262-263, 266, 247, 2830, 21 29, 295
297, 301, 303, 317, 821, 337, 343 344, 348, 354, 372373, 376, 319380, 401, 406, 110, 114
415, 43343U, 488, 441, 445, 451, 458, 475-476, 482, 199, 510513, 518520, 522, 530 31,
536, 562, 569571, 550581, 590, 594 -595, GLI, 613 614, 621, 627, 685 -G3G, 639. GAY650,
673, 655, 665, 673, 676, G78, 682 G34, 688, 707, 712, 720722, TA - 727, 7130, 738 739, 715,
147, 151, 753756, 758, 760, 762 763, 772, 717, 181, 792 793.

Priaraan, 143, 153, 163, 178, 188, 194, 205206, 222, 238, 240-241, 253-254, 285, 307, 3LY -
331, 338, 346, 373, 375, 378, 393, 414, 459, 474, 49G -497, 499, 505, 514, 522, 126 5E7, NL, 040,
542, 544, 517, 551552, 578, 589, 606 G07, 619, 679, 690, 692693, G95- GIG, GUI, TOO.

Prinsen-eiland, 662, G80, 15692.

Puloman, zie Pisang (Poeloe).

