846

374, 388, 404, 410 -411, 419, 424, 449, 458455, 458, 482, 488439, 500, 510, 523, 525, 529,
539, 562564, 567, 570, 635 -636.
St. Nicolaes, 724, 762, 764, 767.
St. Salvador (Portugeesch), 758.
Ste Teresia (Portugeesch), 758 759.
St. Thome (Portugeesch), 759.
Solor, 643, 739, 7199.
Sonne, 15, 16, 92, 148, 147, 179, 27 1 272, 280, 293294, 345, 421-422 428, 432435, 443 44A,
458, 474, 479, 497, 500, 523, 528, 515, 556, 599 -590, 5I9G, GIS, 7id.
Sonne (tweede schip van dien naam), 201, 271272, 545546.
Sonne (Engelsch), 496.
Supply (Engelsch), GS1, 730, 783, 800.
Sterre. 29,81, 57, 55, 90, 188, 211212, 225, 241, 256, 261 -262.
Sterre (Engelsch; door de Nederlanders veroverd), 4196497, 500, 513515,528 529, 541,563,
510, 579, 596, 595, 625 626, 653, 658, 675, 701, 703, 736.
Suratte, 778.
Swaen (Engelsch, door de Nederlanders veroverd), 257258, 811, 364, 388, 401, 518519, 529,
510 541, 562564, 567, 570, 635 - 636, 658, 681, GS, GOA, TIA.
Swarten Beer, 148, 150 -151, 160, 236237, 266-267, 346, 413, 479, 49S199, 516, 560, 655,
673, 729-730, 737788, 718, 787.
Siwarten Leewe, 1, 7. 15, 20, 21, 29, 35, 86, 49, 52, 56, 62, 76, 93, 105, 114, 150, 152, 158, 160, 170,
191. 203, 210, 213, 223, 246, 254, 266, 269, 292291, 296, 299, 306, 319, BIG, ALI-425, A28
429, 436, 439, 142, 447, 464, 470, 478 474, 521, 5SA, 599, G5S.

T.
Taffasoho, 453.

Ternate, 563, 565, 572, 633.

Tholen, 339, 346, 350, 352, 356, 379, 381, 395 -39G, 411, 437, 50S, 527, 529, 552, 5G1, 582, 685, G72,
683, 706, 717, 7386 137, 7166, 771, 778, 781, 794 806. - Prijs, 736.

Thomas (Engelsch), 415.

Tiger, 279, 288, 295, 302 303, 308, 3438 844, 410, 414, 453, 455, 468, 176, 506, 522, 540, 571, G15,
673, 683, 724, 762, 764 7165.

Trial (Engelsch), 719720.

TFrinidade (Portugeesch), 759.

Trouwe, 234, 242, 257258, 260, 265, 268, 3633G1, B88-38I, 402, 418419, 445, dASAAG,
452455, 500, 529, 562, GS1 632, 762, 761, 769771.

U.
Unicorne (Engelsch), 551, 613, 692.
Unity (Engelsch), 610, 680, 685, 735, 739, 781.

Vv.

Valck, 82, 93, 126, 222, 225, 227, 240241, 247, 254, 291, 329, 346, 414, 419, 423, 428, 443, 445,
451 452, 655, 673, 789, 778, 780, 797,

Veere, 29, 3537, 49, 52, 56, 62, 76, 93, 105, 114, 150, 152, 170, 195, 223, 271272, 371.

Fictorta, 643, 673, 683, 688, 721, 738, 762, 164765, 767.

Vliegende Bode, zic: Attendance.

Vlissingen, 35, 52,65, 103, 150, 154, 170, 153, 194195, 265, 271,273, 280, 291291, 329, 445, 864,
871, 388, 401, 518.

Vos, 279, 288, 307308, 364, 392, 453, 476, G12, 707, 786737, 778, 797.

Prede, 560, 579, 583, 585 586, 718, 720, 753, 780 781, 785.
