828

Cheribon, 207, 211, 216, 255, 387, 391, 427, 441, 492, 502503, 522, 588, 597, 654, 774.

Chinul, 238, 696, 721, 753 754.

Chili, 188.

China en Chineezen (mode in den Maleischen Archipel), 21, 22, 30, 5284, 38, 46, 59, 60, 62
65, 6772, 15, 71, TS, S2, 84, 5GS8S, 90, 95, 96, IS -101, LOI, 110, 112, 115-116, 118119,
122-123, 126127, 129 -132, 135, 137158, 140 141, 156, 158, 163168, 176 -177, 180
182, 184 185, 188, 202201, 209, 211 -213, 215, 221, 223-226, 229230, 232, 235, 288, 241,
243-247, 249-250, 254-255, 266-267, 271272, 276, 282-285, 292, 291 2IS, 301-302,
306, 526-828, 336 -359, 343, 315, 347, 851, 354, 356--3G1, 70, 372, 377, 380 - 381, 388, 390,
301, 397, 405, 409, 417418, 420, 123124, 433135, 410, 445, 156, 458, 460 461, 470, 472,
ATLAT5, 47779, 182365, 42, 501503, 505, 512, 5175IS, 520, 523 ALI, 526 - 527,

538539, 549, 552, 554, 561-563, 573575, 571579, 589 ANO, 504, 598, 600 601, 609, 612
 614, 619, 633, 686, 650, 654, 660, 656 667, 669, 671, G81G82, 655, 689 692, 591, 697 GOD,
701702, 706, 710 712, 714716, 721725, 727728, 732-13, 788739, 746752, 762
174, 176, 780 T82, 791, 794-798, 801803.
Chineheu, 1811S4, 484, 530, 554, 635, 650, 682, 715 716, 725, 761769
Chingier, 412 418.
Christenen, 10, 51, 77, 81, 110, 122, 131, 212, 314, 366 -365, 138, 146, 193, 525, 558, 604, 617, 662,
692, 721, 732, 143, 750.
Coach, zie Kowak.
Cochin, 140, 240, 373.
Cochin Atchv, 292293, 770.
Cochin China, 166, 254, 268, 294 296. 345 AG, 377, 384, 133436, 518, 562, 589590, 604,
635, 692.
Combello, zie Kambelo.
Comber, zie Kombir.
Comorin (baai van), 762.
Comorin (kaap), 373.
Condor (Poulo', 293, 518.
Connara, 516.
Constantinopel, 238, 751.
Coromandel (kust van), 7, 21, 28, 31, 32, 36, 15, 48, 55, 5761, 77, 80, 81, 83, 87, 88, 9002, 29,
100, 103, 107, 109, 100, 203, 107, 109, 122, 125, 127, 129 1430, 181, 136 187, 13 IA, 150
151, 154155, 157,159-161, 168, 172, 176, 178, 186, 188159,206 - 207, 209, 218, 221, 23425,
227, 229, 236 238, 212, 266 268, 273, 280, 282 283, 289 LI, 293, 301, 305, 308, 310, 3I5 -
816, 350, 354, 371, 378-374, 376, 378, 390, 393, 400, 411413, 433, 136, 459, 464, 471, 478
4719, 485486, 492, 495, 498 500, 515517, 520, 523, 529, 5405i1, 544516, H50, 569,
578 574, 582, 587590, GO7, 610, 612, 634, 655, GLG, 671672, 688, 635, 697--69D, 706 - 7U7,
710-711, 718, 720, 726 -727, 737-738, 749, 753, 170) -181, 783, 788, 791-792, 701795, BOL
 802, 504, 506.
Coutis, zie Koedoes.
Custe (de), zie Coromandel.

D.
Daboel, 238, 341, 387, 695696, 721, 753 754.
Damo, 109, 290.
Deamma, zie Demak.
Dekkhan, 754.
Delft (kamer), 174, 221, 603.
Demak, 24, 343, 419 -420, 478, 542.
