842

China, 562, 635.

Cleen Amsterdam, 538, 540, 542, 554, 563, 582, 589, 610.

Cleen Delft, 476, 594

Cleen Enckhuysen, 147, 195, 303, G61662, 693, 740, 781, 797.

Cleen Erasmus, 155, 185, 799.

Cleen Hollandia, 194, 285, 303, 319, 382 333, 421, 145, 453 156, 159, 177, 512, G13, 799

Cleen Middelburch, 102, 145.

Cleen Tholen, 724, 767, 710-171.

Cleen Vlissingen, 993.

Clenc Hope, 764, 766, 785.

Clene Jeems (Engelsch), 546, 733, 752.

Clovetree (Engelsch; door de Nederlanders genaamd de Giroffel Naegel of de Clooff), 49, 563, 610,
617, 621, 670, 500.

D.
Darlyngh (Engelsch), 11.

Defence (Engelsch), 257258, 285, 872.

Delffshaven, 118, 782, 803, 505.

Delft, 52, 59, 68,81, S4,91, 93, 95, 102103, 109, 114, 151, 158, 221, 311, 362, 106, 41011, 115
 416, 419 121, 123, 428, 433, 436-437, 145, 158, 4GS, 47.4, 190, 495, 533, 556, 560, 585, 605,
618, 625, 642 613, 650, 674, 714, 724, 762, 761, 767 763; - prijs van dit schip, 410.

Diamant (Engelsch), 610, 617, 661662, 675, G84, 722, 758760.

Diamant (jacht), 748.

Discouvre (Engelsch), 761.

Dolphijn, 110, 172, 183, 188, 191, 193, 223, 2GS, 413, 495, 495 500, 506, 520, 538, 540, 542, 563,
587, 597, 609610, 673, 706, 778.

Dolphijn (Engelsch), 721.

Dordrecht, 495 196, 500, 505, 50S, 520, 527, 535, 537538, 560, 655, 671, 707, 719, 753, 806.

Dragon (Engelsch), door de Nederlanders veroverd en door hen veelal den Grooten Dragon ge-

naamd), 206, 513515, 529, 579, 598, 618, G25, 631, 639, G41, 613, 650, 658, 704, 714, 799.
Dragon (jacht), 663.
Dragons Clauw (Engelsch), 595596, 616, 626, 6322, 662, 675, 722, 758, 760.
Duyfken, 29, 58, 290, 313, 373, 412.

E.
Edam, 718, 785.
Eendracht. 258, 261, 261265, 268, 279, 289 290, 297, 299, 304, 307 308,312,316,351, 508, 521,
537, 5173, 583, 634, 650, 6GS1, 708, 743.

Eendracht (het schip van Le Maire, door de Compagnie aangeslagen en daor haar de Zuyder

Eendracht genaamd), 234--236, 256, 258259, 335, 340, 388, 402, 404, 410A11, 119, 145, 458
455, 458, 474, 479, 497, 500, 528, 511, 545, 550551, 555556.

Eenhoorn, 219, 258, 305, 312, 321, 324, 346, 315, 478 179, 490, 495 496, 504, 508, 560, 565, 585,
615-626, 634, 636, 650, 672, 683, 706, 708, 730, 782, 784 785.

Elisabeth (Engelsch), 545, 562, 681682, 704, 769 771.

Enckhuysen, 81, 114115, 120121, 129, 131, 136-137, 141, 156, 160, 176-177, 202-203, 206,
210, 240, 242, 251, 257 -258, 260, 265, 279, 285, 259, 299, 304, 308, 346 478, 195, 517, 588, C10
611, 618, 626, 642643, 650, 714, 724, 762, 164, 761 -765.

Engel (ook Engel van Delft genaamd) 144, 150, 154. 170, 178, 195, 198, 225, 265, 271, 278, 28,
388, 400, 219, 422 123, 428, 443, 445, 448, 453, 455, 457 458,477,510512,518,529, 510, 562.

Esprance (Fransch), 606 608.

Expeditie (Engelsch), 513515, 529, 541, 567, 570, 685.
