REGISTER DER PLAATS- EN VOLKSNAMEN.

Aboro, 566.

Aenpulco, 185, 188,51, 567, G82, 659.

Aden, 631, G95, 761.

Agra, 696, 754,

Afrika, 573, 617.

Ai (Poeloe), 102, 124, 128, 131, 139, 145, 148, od, 165, 170171, 195 -197, 228, 255--256, 258
259, 274, 311, 363, 365, 363, 403, 15745S, 484, 506, 568, 570, 592, 54, 626, 630631, 634, 643.

Ajndhja, 34.

Alang, 748 744.

Alfoeren, 566, 648.

Alta (Terra), 217, 211, 262, 298, 344.

Amahai, 566, 742.

manoebang. 123, 211, 571.

Amblau, 447, 566, 570, 743.

Awmboina en Amboineezen, 7, 9, 10, 15, 24, 341, 37, 1L46, 51, 54, 05, 57, 60, 64, 74, 75, 79 8I,
85, 858, 89, 93, 94, 99, 100, 102, 107, I1l112, 120, 122125, 127, 131 133, 135, 137- 141,
115 -148, 154, 156, 158, 160, 162, 164, 170 - 178, 182, 198195, 198202, 207-209, 212214,
216, 220-223, 26228, 235, 212, 245-246, 255, 258-265, 277, 279-282, 289, 298,304- 305,
809, 311313, 317, 320, 322, 325, 329, 347, 350, 352, 354, 262, 365370, 872, 374375, 377
378, 388, 590, 392396, 400 102, 4U4, 410 414, 418, A22, 431 432, 136, 539 HO, 442, 445
146, 418 153, 455, 457, 459 -460, 464, 165, 175, 489, 454, IST, 492493, 195, 198500, 206
507, 510, 534, 510-541, 514, 553, 55S, 560 561, 563 168, 570, 574, 577 -580, 582, 536591,
594, 600, 602, 604, 616, 218, 620, 625 -626, 628, 632-638, GAL 652, 658 659, 666, 668, 670,
G15676, 678 679, 681, 686, 691, 607 698, 700, 702 704, 708, 711, 714, 724, 726, 731 -732,
199, TAL TAA, 746, 7A8749, 751753, 757, 768, 784757, 1897190, 792, 79-4195, 797,
8300, 502.

Amboina (pas van), 251.

Amelander Gat, 52.

Amerika, 86.

Amoy, 767.

Amsterdam (classis), 583.

Amsterdam (kamer), 36, 100, 4S1, 535, 620, 728, 620, 728, 730.

Andrigiri, zie: Indragiri.

Angkee (rivier van), 424,

Angola, 219, 225, 730.

Anjer, 479, 546.

Annabon, 234.

Antipara, 1386 - 137,

Arabi, 109, 130, 188, 218, 237238, 267, 32B, 346-847, 354, 371,376,376, 385,393, 159, 696, 698.

Aroe-cilanden, 197, 567.

Arrukan, 58, GO, 499.

