Se

844

Hope, 1,4,8,25 - 28, 3335, 30, 51, SO, 82, 170, 195, 259, 718, 762, 764, 767 769.
Hope (tweede schip van dien naam), 508, 521, 537, 562, 582, 681 692.

Hope (jonk), 295, 135, 683, 707, 771, 778, 187.

Bope (Engelsch), 545, 562, 635 -636.

J.

Jacatra, 84, 101, 177, 203, 246247, 254, 291, 307, 313, 336, 135, 683, 688, 733784, 738.

Jager, 201, 256-258, 260, 298, 313 -314, 36, 379, 110,426, 128, 433, 443, 415, A53, 455, 477,512
513, 538, 545, 674, 714, 781.

Jambi, 194.

Jonas (Engelsch), 721, 761.

Jortan, 451, 475, 571, 599, 610, 651, 714.

L.
Leeutro met Pijlen, 14, 32, 59,81, 109, 129, 154, 171
Leeutcinne, 655, 671, 651, 699, 71S719, 752, 755, 762, 781, SOG

2,1       2
Leyden, 585, 606 -608, 618 - 619, 625, 653, 718, 750, 802, 804805.
Eion (Engelsch), 721, 761.
Eittle Dick (Engelsch), 721.
London (Engelsch), 721, 761.

Mackreel, 755, 802, 804.

Malabar, 138, 1711.

Mane, 1517, 32, 124, 139, 147, 179, 201, 271-273, 250, 293, 388, 101, 518, 600, 681, 724, 746,
170, 799.

Mane (tweede schip van dien naam), 272, 293, 329, 388, 401, 515519, 529, 540541, 56256,
570. 599, 617.

Mane (Engelsch), 562, 681 682, 701, 769770.

Margriete (Fransch), 271, 299, 539.

Mauritius, 90, 93, 97, 98, 139, 153, 160, 162, 167, 175, 153, 191, 225, 225, 268, 3L1, 313, 362, 388,
396, 395, 400, 402, 406, 410, 414, 416, 418, 433, 437, 495, 555, GU6G607, 615G16, G19, 625,
718, 728, 738, 155 757, 803, 505 - 506.

Medemblicg, 585586, 615G16, 621, 679, 718, 755, 502, 801 -S05.

Afiddelburch, 35, 49, 50, 80, 82, 84,93, 139, 147, 179, 224, 227, 246 247, 259, 290, 813, 372373,
412, 655, 671, 677 678, 650, 703, 711, 718, 755, 502, 504,

Montmorency (Fransch), 274, 299, 312, GOS.

Mforgensterre, 201, 256 258, 260, 311,363 364, 388, 401, 149450, 152453, 455, 477, 510511,
529, 541, 570571, 581, 589, 612, 617, G61662, 681, 741, 746747, 199.

Afunnickendamn, 718, 765.

Muyden, 650, 655 656, 682,738, 769771.
Muys, 694, 738, 781.

N.
Naerden, 655, 671 697, 718, 755, 802, 501.
Nassau, 109, 130, 188, 207, 217, 287 235, 240, 242, 257258, 260, 322, 364, 38, BIP, 402, 419,
151, 458-455, 474-475, 479, 498, 510, 512, 520, 529, 541, 570, 581, 599.
Neptunus, 52, 53, 63, B4, 93, 102, 137, 145, 155, 170 171, 195, 198, 227, 246-247, 253, 273, 982,
