S31

Indi, ,Indianen"', Indisch, 17, 22, 28, 29, 16, 47, 15, 56, 58, 72, 87, 91, 97, 98, 100, 102, 105-106,
120, 127, 133, 137- 138, 140-141, 145, 147- 149, 156, 161, 164, 167, 170, 181, 200201, 204,
209, 212, 217, 291, 223, 231, LIN, 247, 272, 277, 279, 281, 286, 30, B16817, SIL, B5H, 362, 376,
112, 481, 184, 413, 152, 472, A84, ABGA88, A9L, 493, 497, 409, GOL, 525, 527--52R, 530 531,
536, 541, 558 554, 559560, 578, 585, 591, 603, 605, GLI, 632, 637, G14, 660, 663, 690, GIS
700, 712718, 715-716, 726 -728, 782, 7197150, 752, 755, 760, 779, 7190, 792 796, 300
801, 803.

Indi (in de beteekenis: Voor-Indict), 788.

Indi (kust van) ( kust van Malabar), 720, 722, 748.

Indragiri, 178, 848, 378, 410, 114, 481, 443, 453, 468, 476, 498, 505, 512 -513, 520, 537, 510, G10,
673, 709, 713, 779, 802.

Indrapoera, 240-241.

J.

Jacatra, 1 -7, 25, 26, 28, 29, 37- 11, 45, 47, 50, 55, 12, 78, 82, 95, 96, 103, 107, 112, 116 119, 132,
1AL142, 148, 153, 159, 166, 171, 182183, 193194, 197, 208207, 209 -211, 217,222- 293,
295-225, 230, 235236, 245, 250-252, 257, 259, 275, 278, 282, 297, 302305, 309, 311, 314,
319, 322, 324826, 328329, 336, 3L0BI, 352, 355, 359 360, 380, 382391, 393, 39I, 400,
405410, A15 IIS, 420123, 125428, 430. -433, 457, 1LO442, 15, LAB AAD, 451, 453
469, 170 47G, 182, 188, 190 -492, 49 1195, 197, 500509, 511512, 520, 522-524, 526, 532
 531, 536 -539, SAL 516, 550551, 153554, 556557, 559-560, 562, 56856I, 574, 576,
518-591, 534, 587588, 590, 592 593, 506, 598, GO1-GO2, 605, GO9E10, G1A615, G18
G20, 622, 625627, 630, 633, 635 -636, 638 639, 668, 774 176, 780, 792, 794, 804.

Jurubi, 116, 118, 132, 136, 113, 153, 157, 158, 165-166, 172, 177 -178, 186, 188189, 192, 194,
203 201, 207,11, 292, 226227, 229, AG -AT, 219250, 252-255, 283, 285, 291292, 296
997, 299, 321, 325, 333, 346, 349, 351, 370, 375, 378379, 390, 4100, 410, 414, 42G,429, 431, 436,
413, 153, 468, 474, 176 178, 480, 154, 192, 19S, 500, 505,52, 520, 526527,529,537 -538, 540,
512, 516-517, 554, 563, 580, 587, 559, 505, 598, 610, 615, 617, G19, G21, 658, 667, 673, 678, G83,
655, G90, GIL, GHI, 703, TOG, 709, 711, 713 TIA, 717, 727, 729, 733, 736137, 739, 747, 749, 752,
766, 777, 779 - 780, 801-- 802.

Japan en Japanners (mede in den Maleischen Archipel), 7, 14, 17, 32, 33, 37, 44, 46, 49, 51, 63,
8, 5.1, B6, 100-101, 108 -104, 107, 110 - 111, 115, 123, 128-129, 182 184, 156, 176177, 180,
1-4, 188, 202-203, 206, 209, 222, 227, LAGLAT, 251255, 268270, 273, 292, 204295, 301
302, 306, 315, 321, 330, 315 346, 351, 878, 400, 102, 121, 428, 438--135, 437, 443, 453, 455,460,
185, 187, 191192, 505, 512, 518-519, 540 -5M, 550551, 562, 567, 569, 573, GOA, 613, 626,
632-633, 635 - 636, 655, 658, 666, G7H--675, 781-681, 689692, 694, 697, 706-G07, 710,
718, 715, 727, 1377135, 118749, 752, 766, 777, 779 180, 5OLS802.

Japara, 24,50, 51,73, LOL, 119, 157, 178, 182, 186, 189, 207, 211, 216, 227, A1 242, 255, 258,282,
298, 312, 339, 343, 345 -316, 351, 371375, 389, 396, 398, 400401, 41011, 419 120, 4IA,
155 456, 471, 475, 478, 184, 192 193, 503, 512543, 547, 569, 580, 596597, 614, GLG, 640,
654, 675, 679, 772, 787,

Jasques, 658, 721.

Java en Javanen, 21, 21, 32, 35, A, A8, 72, 7d, 75, 79,85 -87, 101, 110, 119120, 124, 182, 137,
11, 145, 17, 454 155, 177 178, 184, 187, 190, 205, 209-211, 215, 217, 232, 213, 245, 249
250, 253, 261, 263-295, 297, 308, 336, 343, BAG, 351, 361, 375, 991, 396, 101, 409, 412, 116418,
490, 423124, 186, 440, 442, LLL, 151, 158, 456, 458, 160A65, 467472, 479, 495, 502503,
505, 509, 516, 522, 526, 528, AJV, 5A1, 552, HL, BAG, 567, 569, 570, LG, 588, 593, 597, GO4, 606,
Gis, 625 626, 631, 636 -637, G10, GIS, 665, 719-720, 735, 735, 739, 740, 155-157, 71377,
117, 185.

Jemen, 238.

