839

199, 201202, 208, 225, 2365, 260 261, 263264, 268, 287, 297, 310, 366, 368370, 392, 401,
103, 446, 449 -150, 487, 500, 5AL, 56.1 -566, 571, 591, 599, 600, 601, 637, 647 649, 651 652,
670, 7AL, 7I38745, 150 751, 7847155.

Teyseunkitt (baai van), 763.

Texel, 1284.

Tidore en Tidoreezen, 15-17, 19-21, 45, 50, 81, 117, 126, 191192, 199, 216, 227, 260261,
366, 363, 370, 401, 415, 449 150, 454, 500, 544, 56356 1, 599, 600, 670, 744T4B, 750, 784.
Tikoe, 153, 178, 205206, 210241, 2538251, 329331, 346, 373, 375, 378, 393, 400, 414, 459,
474, 499, 505, 513515, 522, 526, 529, 540, 542, 514547, 551552, 578 585, 589, 595, 605

608, 708,

Tikoe (straat van), 459.

Timor, 21 22, 69,77, 78, 122123, 131, 141, 14S, 179, 184, 188, 192, 211212, 217, 222, 24, W61
 262, 298, 315, 343 - 344, 374, 378, 102, 419, 455, 475, 522, 540, 571, 594, 615, 673, 697, 738
739, 749, 781, SOL.

Tioman (Poeloe), 138, 201, 683684, 689, 770.

Tirepopelier, 283, 113, 456.

Toeban, 252, 263, 502, 543, 552.

Toeloeti, 566.

Toloeko, 599, 744, 756, 500.

Trailes (cabo), 271, 746.

'frinconomale, 611.

Tsinmpa, 684, 724, 762.

Turkije en Turken, 238, 486, 590.

Uliasser, zie Oeliaser.
Urmus, zie Ormuz.

Veloer, 109, 136, 412, 611.
Vencti, 316, 603.
Verhagensbaai, 266.
Versche rivier, 322, 329, 106.
Virginie, 749.

Visiapoer, 754.
Visigapatnm, 516.
Vlaamsche eilanden, 39.
Vlissingen, 104, 508.
Vuurland, 225.

Wajer, 257, 259, 561, 627629, 631, 642-643,
Way, 713.

Wakasihoe, 367, 567.

Wasia, 618.

West-Indit, 750.

Witterts-eiland, 271, 278, 292, 450.

