833

Levant, 239.

Liang, 566, 648.

Liantuin, G91.

Ligor, 83, 34, 186, 246, 250, 295, 381, 346, 422, 590, G12, 672.

Lingga, 414, 689, 734, 7388 789.

Lisabata, 565-566.

Lissabon, 688, 758.

Lobo Gonsalves (eabo de), 537, 805.

Loehoe, 1014, 79, 50, 85, 12d 125, 128, 181, 170, 262264, 365366, 369, 392, 403, 446 - 448,
533, 564567, 634, G47 649, 651653, 741 742, 784, 800.

Lolodo,  599.

Londen, 43, 89, 543, 548, 719.

Lontor, 197, 258, 288, 363364, 457, 485, 528, 540, 569, 626 632, 642, 645 GLG, 676, 799.

Luchuy, zie Lakoei.

Iuneidy, zie Lesidi.

Lueipara-eilanden, 340, 361, 478.

Lurcon, 294, G89, 746, 769, 772.

M.

Macao, 19, 126, 135, 139, 146, 167, 171, 177, 179, 185 186, 202, 205, 227, 246, 254, 293294, 315,
377, 433, 435, 520, 530, 562, 635, 673, 677, 682684, 688691, 697. 701, 706, 712, 714716,
124427, 746, 748, 752, 762764, 771772, 193.

Madagascar, 12, 35, 39, 53, 91, 136, 150, 162, 186, 218, 229, 233, 266, 288, 508, 318, 321, 371, 376,
098, 187, 495, 521-522, 573, 586. GOS, 617, 656, 693, 758, 794.

Madjang:, 628629.

Madoera, 149, 453. 455.

Magelhes (straat), 105, 144, 159.

Mugellaansche Compagnie, 5, 9, 39, 307, 351.

Makariki, 566, 742.

Makasser en Makassaren, 7, 8,

HEI, 145, 147, 156, 209, 225 296, 212,2
372, 392, 396, 398, dUA. dIO ALE, de
597, 616, 626, 753, 675, 738739.

Makian en Maktanners, 17, 21, 127, 181, 261, 280, 103, 449, 564, 651 -652, 751, 786, 300.

Malabar (kust van), 69, 150, 185I1S6, 201, 238, 240, 347. 573, 586, 590, 636. 670, 677, 680,
697 695.

Maladiven, 61, 588, 693, 758.

Mulajoe, 15, 16, 126 128, 260, 271-272, 310, 366, 868, 370371, A02, 450, 599, 651, 741, 785
786, 800.

Malaka, 24, 28, 50, 61, 63, 72, 74, 75, 77, 87, 90, 91, 94, 101, 110, 120, 129 130, 135, 138 139,
145147, 113155, 171172, 117178, 180181, 185186, 192194, 198, 201, 204, 211,
214215, 227, 216, 250, 252, 254, 259, 270, 282283, 291 -292, 296, 322, AA, 3T-L, 317879,
110, 427, 136, 138, 412, 176, 498, 510 -511, 513, 530, 542, 569, 571, 587, GO2, GO9611,J613
GI, 621, 673, 678, GX3-684, 658, 690, 6976IS, 701, 712, 716, 726727, 188 7139, 74T7A9,
167, 7177118, 793

Matala (straat), 29, 181, 205, 291, 322, 847, 412, 522, 37, 621, G84, 729, 738, 748, 777.

Mauleiurs, 28, 3, 132, 141, 154, 187, 191, 215, 291, BOA, 571, 739.

Mullemans-eilanden, 449, 153, 455.

Mauloeu, 262, 298, 344.

Mandelika, 483, 4d1 115, 456.

23, 46, 50. Gd, 7476, 79, 95, 102, 120, 122-123, 181-132,
5, 256, 260261, 281, 297, 303304, 363, 365366,
15

17, 451, 451, 156458, 478, 519. 565, 567, 569, 571 -T2,

