Walcheren, 144, 150, 154, 170, 183, 195, 225, 265, 270, 289, 299, 308, 319, 508, 522, 529, 541, 570,
553, 586, 5 L596, 606, 718, 723, 747, 779, SO3, 805.

Walvisch (Engelsch), 721.

Wapen van Amsterdam, 35, 52, GO, 65, 108, 144, 150, 154, 170, 178. 195, 224, 227, 246-247, 257 -
259, 265, 298, 361, 888, 399, 405, 407, 119, 423, 428, 432, 443, 445, 453, 455, 500, 509510, 529,
559, 570, 589, 596, 599, 618, G35, 650.

Wapen van Delft, 655, 631, 741, 779, 803.

Wapen van Enckhuysen, 585586, 615 616, 618--619, G51, 653, 755, 802, 804 805.

Wapen van Haerlem, 406.

Wapen van Hoorn, 585, GO6, 615 616, 619, 625, 718, 720, 731, 787.

Wapen van Jacatra, 626, 642643, 650.

Wapen van Rotterdam, 118, 728, 755 151, 185; Jacht van dit schip, 718.

Wapen van Zeelandt, 249, 254, 265, 268, 291--292, 298-299, 303, 308, 321, 324, 346, 478 4T9,
500, 513 -515, 529. 578, 612, 68, AGI, 695, 721122, 758 762

Weesp, 655G56, 695, 697, 720 721, 723, 757, 160, 806.

Westcappel, G55, 663, 737, 7189, 7178, 7197.

Westerieslandt, 224, 234235, 249, 268, 253, 481, 495, 498, 500, 503, 505, 527, 535, 537-538, 560,
655, 678, 685, 680, 701, 703, 705, 711, 718, Prijs door dit schip gemaakt: 495.

Witte Beer, 143. 150 151, 153, 159, 161162, 170, 175. 188184, 188, 191, 266, 268,279, 291,
308, 335, 310, 852353, 356, 374, 381, 508, 521, 527, 535, 541, 554, 558, 560, 583, 585, 667,
118, 720, 753, 780-781, 794.

Witte Leeuw, 35, 52, 65.

Woerden, 718, 731, 788, 747, 717.

Z.

Zeelandt, 21, SA, 101. 110, 112, 126, 176, 195, 197.

Zeelandt (tweede schip van dien naam), 35, 37, 50, 82, Sd, 95, 139, 147, 179,202, 224, 228 029,
495, 500, 513, 515-517, 421, 529, 5A5540, 5735TA, 5R2, GIO, GLG, G34, 642, GA9, 720, 739,
780-781, 791.

Zeercolff, 316, 350, 374, 396, ALA, 419, 483, 437, 112,455, 459, 417, 1T9A480, 500,512, 529,541,545,
552, 561, 568, 612, 617618, 6215, 633, G12643, 650, GS1, 716, 784,

Zierichzee, 255, 290, 299, 309, 311, 321, 824-325, 331, 341, 352, 860, 379, 381, 388, 397, 400, 402,
105 406, 410, 489, 495, 585, GOG, G18, G25, 642, 649 - 650, 714, 724, 762, GL, 767 TGS.

Zuythollandt, 655656, 661, 722, 758, 760.                                    :

'
'
hd
t
L
I
'
L
I
L
