Cleen Enckhuysen, Sd, 8889, 9298, 95, 249, 305, 331, 337, 415, 742, 779, 834, 866, 373, 879, 904,
907-908, 912.

Cleen Erasmus, 313.

Cleen Hollandia, 366, 369, 401, 406, 409d1 1, 415, 433, 41, 451, 4538 454, 483, 493, 501502,
505506, 508509.

Cleen Middelburch, 344345.

Cleen Tholen, 190, 193, 196 -197, 199, 2038--205, 208, 213, 232, BGL, 865, 867S87T0, 872, 330, 923.

Cleen Vlissingen, 394, 398, 428, 443, 456--457, 486,

Cleene Jeems (Engelsch), 197, 235-236, 769, 900, 935.

Clove (Engelsch), 759.

D.

Defense (Ingelsch), 760.

Delfshaven, 199, 208, 214, 232, 240, 247, 253,31 1 -814d,870871, 871, 552,855,8958IG, 923, 928,
942, 943, IGI, IGE, 966 I68.

Delft, 15, 33, 35, 40, 59, G1, 63, 151, 166, 282, 401-405, 411, 465, 468, 178 174, 482 483, 48G
488, 515, 572, 590, GO1, GO3, GO7, 627, G53, 673, G76GT7, G33 GS, 691, T07, 712, 721, 733, 137
135, 718, 162, 771, 828-529, 840, 546B817, SIS, VOZ, 974 975. - Prijs van dit schip: 464,
467, 509, 590.

Delft (Oud), 313, 90590G, 935939, 948.

Diamant, 19, 1 215, 225-226, 281, 762, 859.

Diamond (Engelsch), 84, 5589, 92-93, 95, 139, 759, 769, 779.

Dolphijn, 25, 72, 229, 360-361, 458, 186, 535-536, GLT- 548, 552, 568, 589, GLI, 653, 657, 662,
712 713, 718749, 803, SLI, 539, 817, 851, 907 IOS, 917 -I18,

Dordrecht, TA, 91 -97, 180, 187, 2ON, 217, 502, 533, 535-536, 539, 511542, 518, 552, 555556,
562. 561, 566, 568570, 572-575, 581-582, 587, 617, 640, 653, G5S, 733, 751, 898, 923, 940,
947.

Dragon (Fngelach:, door de Nederlanders veroverd), 37, 4041,563, 566 568, 573, 596, 605, 608,
BILL, 617, 629, 153635, GLS, 650, 655, 660 -G6L, 665667, 670, 671, 650, 635-686, 707, 712,
715, 760, 771, 788, 515 -516, 83E, 816, 873, 589, 902 IOA, BOS, 936,

Dragonsclan (Kinselseh), 26, 61, 61, 54, 58-59, 92-93, 05, 139, G1S- 619, 779.

Duyfken, 257, 301, DAG.

E.

Edam, 208, 232, 253-251, 259 --260, 273, 277, 870, 881, 903, 911, 014.

Hendracht, 53, Hi, 61,66, 115 14, 128, 130, 132, 135, 140, 209, 252, 256, 408, 410, 419, 113, 448,
582, 60:35, 607, GIL 612, 617, GLL, 653, G5S, 672, GS3, 707, 758, 781, 791 T92, 501,08, S11,813,
616, B1S, 820, K2H, 819, 05, 977.

Eenhoorn, 29, 32, 40, 15 17,61, 117150, 219, 259 260, 266, 260, 274275, 217, 283, 407408,
d 12 155, 4555, LJN, 451, 52L, 527, 529, DAA, BIL, GI2, 633, GSG-6S5D, 707, 712T 13, T21, 743,
Ton, 8325, 555, DIT, 919, 26-027, 057,

Enehhauysen, 83, 36, AL, 59, 61, 15l, 166, 209, 232, BIL 813, 362 366, 379, 88 1385, 399, 102
405, 405, 408, 110-412, 132, 45, 17, 150-451, 456, 162, 523, 52S, 590, GO2, 666-667, 670,
GTL, GRO, 633 681, 659, 707, 712713, T21, SLS, B43, BLG, SOS,

Fengel, 60, 155, 853, 355, 106, 409, ALI, 160, 463 164, 467, 17171, 16477, 479, 82 483, 188,
AO 1, 500. 506, 514, 519, 522, 531, 552, 557, D66567, GUT, 992,

Brasnurs, 010.

Hespranee (Wramsceli), 61367.

Hepeditie (veroverd Engelsch), 561, 566, 5753, 581, 588, 760,

67
