1059

Hope, 333 334, 342, 582, 614, 520, 823, 957.
Hope, (Engelsch), 759.
Hope, (jonk), 532833, 933, 937.

J.

Jacatra, 106, 202, 362 363, 385, 398399, 115, 418, 425, 429, 433, 445, 450, 626, 743, 884, 337
858, 923,

Jager, A09, Al1, 433-481, 439, 450, 463464, 467, 477, 482183, 486, 490, 500501, 503, 506,
508, 517, 519, 521522, 53, 558, 587, 559, 653, 662, 750, 771, 874, 974, 975.

Jambi, 253, 362, 367 368.

Jeems, zie Royal James.

Jortan, 18, 415, 458, dt, 467, 6883 -681, 639, 661 662, 665, 766, 757.

L,
Leeuw met Pijlen, 355, 888, 395, A8, 529, 534, 550, 557, 568.
Leeuwinne, 130, 133, 137, 143, 115, 147, 1S7-18S, 191, 196, 199, 232, 235 236, 246, 313, 179
780, K20, 531, SGP, K5A, KOG, D73 874, 532, 585, 859, 895896, 900 902, 909, 934, 940.
Leyden, 7, 11,43, 132, 314, 319, 321-322, 324 BA, 669670, 673-671, 676, 680, 803, 823, 838,
S16, 559, 919.

M.

Afacassar, 3365,

Maekreel, 311.

Maeccht van Dort, 388.

Malabar, 213, 382, SIL -892, 395.

Mane (Nieuwe), 417, 120 121, 583,55, 537.

Mane (Ouds), 53, 57, 205, 244, 265, 352, 360, IJN,

Marguerite (Fransch), 387, 391, 102403.

Mauritius, B, 20S, 232, 249, 258, 257, 261, 264, 307, 311, 313BId, 321 822, 324327, 356-358,
105, dt2, 450, 456, 458, 460, 165, 471 47d, ASB, 540, 5AL515, 550, 564, 569, GO1, 668670,
G74, GBL, 6555, 743706, TAS, 1557157, 838, 870, S3L, SI6-8NT, JO2, 912, 918, 924, 92792,
3d, 042, 047, HAD, 957 -D5S, 960 NITO.

Medenblick, 95, 132, 232, 314, 319, 321 322, 638640, GLL2-G43, 649, 682, 956.

Mitdelburch, 11, 106, 111, 132, 232, 314, 336, 352, 360, 365, 870, JK2387, 390, 442, 450, 158, 470,

ABK, 531, 585, 712, 7553, 62, 74S, 781, 755, 790, 802, 839, A1, 859, 889BIO, 910, 940.

Montmorency (Fransch), 387 3BM, 391, 402-403.

Morgensterre, 52, 5L, KS S9, 92-95, 95, LIEN, 116, 110, 239, 157, 489, 495 497, 50050L,
506, 500, 517, A19, 5elDZE, 581, DDS, 556, 5656567, 569, 572574, 581, BSS, 625, 676, 742,
755, 754, 761, 773, 779, TOI, VOL.

Munnickendam, 208, 232, ZIT, 253, 259 260, 263 -264, 272, 870, 581, 903, 925.

Muyden, 40 - A1, 48 AT, G1, BUD, 723, B2H,

Muya, 106, 121, 177, 185, 187, 20S 209, SOI, 838, 851, 851, 855.

N.

Naerden, 91 05, 97, 132, 232, 314, 310, 321, 531, 542, DO5, 909, 940, 949.

Nassau, 8:36 - 537, 319 352, 350, 3865, 405, 410, 413, 115, 166467, 173474, 493 494,500, 506,
515-516, 523, 525, 527, 531, 557, 572, 576, 618, 618, GEB, 900, 952, 974, 977, - Prijs van dit
schip: 493.

Nassau (veroverd), 531 -535, 537 -35, 552, 563-56L, 568, 573, 534, 559, 617, 625-526.

Neptunus, 352, 3OT, 470 BT, 37) -350, 400, 405, 4LO, A12, 416, 418, 413, 156, 459, 461 464, 173,

