1049

M.

Macao, 42, 18, 58, 80, 98, 130, 139 110, Lt, 152 161, 193, 195, 201, 207, 299, 212, 258, 261, 276,
294, 296, 305-306, 560, 362363, 393, 395, ASL, 632, 638, GL3, GE2, 781, 809310, 823 SLA,
826, 832, 831, SAL, 348, 350, SG, 958 I5I.

Madagascar, 6, 91, 294, 382383, 390 391, 777.

Madjangi, 22, 696, 700, 701-705, 708, 711.

Madoera, 1815, 351, 500, 504-505, 507508,

Magellaansche Compagnie, 414.

Mahala, 730.

Mahehoro, 729.

Makariki, 250, 724-725, 781.

Makassar on Makassaren, 17, 68, 50, 100, 116, 118, 123, 131-184, 157, 188, 246, 255, 301, 341,
360, 450, 453, 455, 463 162, 192, 501, 504, 546, 620, 632, 643, G62,737,7957196,805,812815,
881, 837.

Makjan, 51, 52, 112, L4L, 242, 246, 265, 267, 317, 497, 503, 548, T81732, 786, 800, 942.

Malabar (kust van), 7, 76, 99, 182, 209, 231. 350, 584, 652, 637, 659 G10, 643, 740, 752, 755, 759,
161, 768 -770, 772, 771, 777, 182183, 193, 887, SOL.

Maladiven (de), 8590 591, 98L.

Malajoo, 89, 50-52, 56, 134, 241, 256-247, 263, 467, 270-271, 318, 731, 750, 783, 926.

Malaka, 7, 42, 18, 72,77 SL, 98 09, 105 108, 110, 15152, 157, 159, 168169, 171-176, 180,
186159, 198, 203, 205, 208, 213, 259-210, 262-863, 296, BOS, 362 363, 366, 370, H72, JSA,
8391, 398, 401, 523, 546, 519, 551, GSA, 632, 637635, G13, 652663, 741, 750, 754 156, 758,
Til, 759, BUL, 805, SIP, 132, SHA, SIJ, 550, 561866, SHIEBA, SET HRB, BIL 59, 505, 903,
gisl032,

Malakn (straat), 109, 200, 227, 262, 593, 528, 740 711, 762, 770, 783, 7887S9, 7192, 803, 916.

Mallemans-eiland, 12, 1:33, 500, 504, 505,

Maurmala, 725.

Man (Poeloe), zie Pisang (Poeloe).

Mandelika, 157 487, 509,

Manggalagi, 353.

Maniheloe, 7:50.

Manila, 38, 59, 1, 53, 55, 61, ST, 105106, 130, 185 3, 150, 152, 151 160, 168 -164, 174, 179,
193, 195, 205, 213, 232 --2:53, 230 240, 242, 2IS, 265266, 269, 271, 238, 25, 305 306, 366,
35), SIL GOH, 157, 510, 510, 552, 584, 583, 603 L60Y, 732, 736, 760, 776, 789, 795, 803, SL0
BIL, 819, 523 KZ, SIE, 510, 855, 566, 958959,

Maunipa, 250, 517, 493.

Marieko, 41, 51, 61, 818, 731, 777, 779, 799, 816.

Masoeliputnaim, 73, 177, 210, 263, 211, 322, 327, 332, BHA, Y56, 575, G20G2I, 801.

Massapal, 725.

Mataram, 5, B, 9, 45, 100, 148, 122, L24, 132, 136, 205, 209, 233, 23210, 216, 275,291,298 -300,
JO3, 378- 37, ALA, LET, HOT, LOL, 534, DAD, 5O1, 55 Ll -555, 560, 563, 565, 531, 595, GOO, G1S, GRO,
632, 634, G1U, 613 GEL, GEZ 66, 789, 795 -796, 798-109, BOL, 504, BLH, 833, 835, 519, 5T6
B79, 858, 5U2 593, DOL, 915, V2Y--DHI.

Mutolette, 727.

Mauuriting, 111, 555-351, 396, 632.

Muy, 7450,

Muyottes (de), 327.

Melinda, 227, 431.

