1047

343, 315-810, BIA, 861--363, 366, 363, 370 -371, 386, 391, 898, 4OL, AOL, 415, 122-423, 428,
d2d, A16, 150, 153, 164, 167, 508, 512, 514515, 518-522, 524, 52031, 535, 544516, 55L
533, 557 559, 563561, 563, 574, 5935S1, 590 -590, 595, G1L, 637G633, 613,649, 657, 659
660, 662-663, 667, 742, 754756, 719-159, 775, 781782, 185-185, 189, 792, 802803, 808,
821, 832, 831, 542, 815, 85 L, 669870, 872-873, 876, 881852, 881885, 987-388, 891892,
899, 902-903, 907, 910, 914, 916, 922, 924, 913, 955, 958, 960.

Jambi (rivier van), 203.
Japan en Japanners, ook in den Maleischen Archipel, 5, 19, 24, 38, 4143, 53, 5760, 72, 130,

132, 138-139, 142--148, 150, 151, 157, 159-161, 166, 169, 191-196, 200, 202, 204, 205--207,
245, 256, 253, 261, 269-270, 258, 295, 208, 302, BOS, SAL VA, 362-361, 866, 380, 382, 358,
303-396, 100, 403, 112413, 481, 440, 501, 508, 512, 514, 519, 522, 52A, 581, 593-584, 588,
504597, 600, 605-60S, 612, 621, 625, 632, 674-675, 677, 686-687, 695, 698699, 701, 707,
713, 721, 132, 736, 760, 7166, 796-797, 803, 910, 813, 824, 832, 839, 845 346, 519, 856, 897, 926,
939, 952, 955, 959, 988.

Japara, 13, 80, L16, 157, 296, 314, 350-352, 357, 360, 362, 370, 371 3739, 402, 406, 411, 413, 420,

128, 438, 146, 113 119, 153, 155, A61, 461, 496, 505-506, 50S509, 511, 534, 560, 600, 618, 610,
618-611, 663, 795, 798, 555, 840, 353S51, 950, 933, 937, 953951.

Jasques, 90.
Javaen Javanen, 9, 13, 20, 34, 35, SO, 123124, 131, 136, 146, 157, 161, 188, 199, 2.4, 249, 254

255, 257-258, Ast, 275, BOL, 306, 326 366, BOL, ALL, 151, 17673, 153, 500502, 5L1, GIA,
517, 585, 541, 513, 51-549, 551, 566, 570, 583, 588, 592, 618, 620, 633, 635, 637, G53, 663, 671,
679, 703, 706, 755, 782, 793, 798, 910, 852, 865, 881, 857, 903, 918919, 929931, 973, 976.

Java Mayor, 366.
Java's Zuidkust, 912, 918, 985.
Jentiven, 178.

Johor, 100, 108, 121, 168, 176, 158, 108, 239, 319, 350 361, 415417, 845, 855, SGL

Jortan, 18, 100, 157, 239, 423, 190, 501, 503-504.

K.

Kabaena, 651.
Kabaoe, 49, A21, 728.
Kulffers, 419.
Kailolo, 49, 71, TS.

Kuitete, 725.

Kaliamatu, 57,50, 11, 5E, GL, TIA L2S, LIL, 200, 246, 265 267, 315, 731, 777, 799, 816.

Kamnarian, 121, 70.

Kanbelo, 250, 253, S17 410, 375, 194, 50A, 707, 725, 135 - 130, 118, 912.

Kampar, 99, 160, 15 A16, 865,
Kanaal (het), 256 -2i5S, 513, IGI DD,
Kappa, 725.

Karibae, 721, TER,

Karoewa, 729).

Kat (punt do), 10.

Kedah, 186, 620.

Kei-eilnnden, 565, 257, 280, 911.

Kendal, UB, 14445, 15, 209, 560, GIN, 613, 663, 501, Bd), 573, 678, 980 931.

Kerk vallei, DL 965.
Kilang, 724 726,
Klingen, 543.
