1052

Poeloet, 725.

Pontang, 7, 559, 780.

Portugal on Portugeezen, 3, 7, 10, 39, 42, 4718, 58, 67, 72, 74, 55 86, 92 93, 100, 103 106,
110, 123, 140, 142, 144, 152-153, 155, 159, 161, 164165, 169, 177 178, 180, 182, 156, 193, 202,
208, 212, 227, 230231, 239, 271272, 274, 288, 291, 320, 327, 334, JIS, 362, 868,350, 393, 395,
401, 408, 411, 439440, 453, 195, 50L, 534, 540, 515, 550, 572, GO2, G22, 632, 633, 613, G6LG63,
786, 740 741, 750, 761, 781, 755, 803, 509, 821, 832, 536, 811, 818, 887, 591, 916, 936, 955.

Pracal (droogte van), 834, 543,

Priaman, 6, 42, 71, 110, 190, 350, 364, 381, 5989, 400 401, 408, 128, 472, 516, 533, 535, 553, 561,
568 570, 5838581, 587, 594, GOO, 612, 655, G75, G7S.

Prinseneiland, 152.

Punto Real, 52.

Q.
Queda, zie Kedeh.
Quinam, 6, 59, 157, 203.

Rachado (Cabo), 186.

Redang, 865.

Rovengie (fort), 15, 24, 35, 492,

Robijn (punt), 291, 678, 652.

Roemakai, 49, 724, 729, 781.

Rome, 324.

Roode Zee, 227, 350, 330, 434, 525, 762.

Rosengein, 2122, 25, 33, 35, 6263, 65, 260, 277278, 7105- 106, 710 A11, 7165 --717.

Rossenive, zie Noesanivo.

Rotterdam (kamer), 206, 313.

Run (Poeloe), 22, 2425, 33, 35, 64, 119, 137, 146, 256, 260,277, 280-281, 309, ALA, 459, 492, 593,
685, 697, 715 720.

5.
Saboa, zie Saboegoc.
Saboegoe, 41, 50,51, 55, 112, 129, 141, 214, 266 -267, 318, 496, 731, 777, 790,16, N20.
Sabon (straat), 7760, 95, 108, 551 552, 632, G13, 619, 658, GZ, 751, 795, TU2, 711.
Sahoelau, 67, 257, 721, 729, 732.
Salaumete, 725.
Samarassn, 248.
Sambilan (Poeloe). 213.
Samite, 67, 724.
Sammer, 2223, 62, 66, 119, 696, 700, 701705, 707 708, 711 712, 720.
Sanchoa, 189, 826.
Sangir-eilanden, 241, 251.
Sangora, Il, 70, 71, 74, 167, 169 170, 1738, 180, 192, 206, 208, 307, 341 -312, 3J5, 518, 535, 084,
597, 625, 749, 797, 855.
San Thom, 173, 622, G24, 759.
Sata Auri, 729.
Sauco, zie Soahoekoe.
Saulau, zie Sahoclau.
Schilderstuin, 681.
