1044

Comorren (de), 86.

Comorijn (kaap), 74, 76, 85,90, 180, 187, 209, 350, 742, 744.

Constantinopel, 227.

Coromandel (kust van), 5, 24, 43, 74, 76, 91, 93 -94, 979S, 107, 110, 118, 116, 136, 147--150,
177178, 181, 185 187, 190, 194, 206, 208, 210, 227, 232, 245,247, 253, 256, 263, 269, 251-282,
285, 287, 2I3 294, 297, 301302, 309310, 312, 317, 319, 322-323, 827, 332333, 335, 354,
856, 558, 377, 380, 392, 407408, 411,435-436, 456, 468, o12, 528524, 535536, 545 54G,
561, 574, 576, 580--5S1, 5835S4, 595, 607608, 613, 616G17, 619 -625, G32, G3IG40, 643,
649, 675, 677, 749, 753, 756, 766, 770, 179780, 782785, 791, 793. 794, 798, 820, 834, 845,
851, 854, 858-860, 865-868, B70, 572, 880 883, 857, 590891, 907, 910, 924, 928, 931, 933,
937, 950951, 960.

Corvo, 966.

Cotchin, 84, 85, 178, 230, 350, 632.

D.
Daboel en Dabooldera, 7, 110, 182, 220, 230, 880, G19 620, 649.
Daffoo, 220.
Delft (kamer), 232, 395 896.
Demak, 506.
Dender, 22, 25, 30, 85, C2, GG, 698, 700, 7C4 708, 769711, 713-714, 716717.
Denemarken en Denen, 3, 7, 75, 111, 287, 303, 816, 526-527, 555, 575570, 583, 674, 536, 871.
Diamant (punt), 910, G78, 154, 852,
Dieppe, 378388, 402 403, 572.
Direk de Vrios Baai, 912.
Diu, 220, 227.
Duinkerken, 111, 513 31f.
Duytsen ( Hollardera), 178, 845, 364, 416, 578, 550, 700.
Dwara in den Weg, 811, 524.

E.

Elpupoetih, 49, 250, 724, 731, 736.

Ely, 725.

Ema, 724, 726.

Endeh, 48.

Engano, 817, 519.

Engeland en Engelschon, 3, C9, 1C89, 33, 35, 3839, 1243, 5304, 5758, G165, CB,
75716, 81, 84, B790, 9293, 107, 109 -123, 126, 129 - 131, 196-142, 145, 150-151, 159,
Le 182184, 187, 191, 197, 202, 210 -212, 228 281,235--239, 211 -247,251,
253254, 262, 269, 274, 260, 288, 298299, BO8 04, 308309, 3138 BI, HLO 327, 335-- HIG,
838, 351, 353, 357358, 364, 266, 369, 371-375  1877, 854, 390, 397 401, 4065, 409 A11, 414,
417,420,121,434,437, 440411, 447,452,456, 159, 462,467.  ns, Jl 456, 459, AIT, 493 AU,
496, 498 500, 504512, 514-516, 518 519, 521523, 525, 527, 53 Sl 538, 535 -937, DAL

542, 547 -518, 552556, 558 559, 562566, 563570,  E18   552- 585. 587 590, 593
594, 597-600, 608G04, GOG, G08-G11, 635, 637, 641, 643, G15, G18649, G66, 672, 676617,
679, 685, 697, 708, 708, 785 -73G, 740741, TAL, 746, 756, 758-161, 764, GB 770, 113-176,
719762, 786, 792-793, BOI 801, 805B06, 810, 812-814, BIO, BLT SL, 36, Hl5BIG,
650, 854, 659-864, 571, 673, 877, 882, 692891, 895, JOO VO1,915 IIG, 919022 GLG 31,
935936, 946, 96162, 961, 965, 968, 975--977, 954.

Engelauds Eind, 9CS- 969.

Enkhuizen, 10.

