1042

Asiloeloe, 724, 727.

Atjch en Atjehers, 6, 42, 57, 74, 91, 109110, 176177, 180, 189, 206, 229230, 263, 269, 296
298, 509, 319, 323, 332334, 317, 356, 36GA, 372, 380-381, BISA01, 408, 485, 172, 512, 517,510,
535537, 558, 564, 5GS569, 5S3HS4, 5ST, 594, GOO, G2O, 632, G37, 639 G40, 643, C18 GLG,
653, 655, 675, 78S 792, 800, 835, 359, 31-862, 861505, 572, 876, 551, S33,592, 910, 916, 938.

Austraelsche quartieren, 756, 799.

Azi, S86.

Azoren (de), 236, 313, 966.

Babi (Poeloe), 356, 834.

Baguala, 724, 726.

Balamboan (straat), 918.

Bali en Balirs, 14, 24, 44, 47, 256, 351, 191, 551, 568, 577, 590, 730

Bali (straat), 486, 541, 918.

Banda en Bandaneezen, 4, 5, 15-80, 33-37, 4045, 48, 5769, 73-76, 91, 94, 90, 110-118,
120, 123150, 157, 160, 162, 168, 174-177, 193195, 202, 209210, 212, 229-233, 243, 245
 246, 249, 251, 255 261, 261268, 272282, 284, 287-201, 296 -203, 300 301, 506, 310,
317321, 338, 311, 352353, 355, 357, 36, 370, 372315, 377378, 352-353, 38I- 391,400,
406407, 409-411, 413415, 447, 455456, 459 460, 462, 467, 472-473, 175 ATO, ASL,
489493, 498 500, 523, 542543, 547, 549 552,554,559 GOO, 563565, 570,577, 183555,
587588, 593, 595, 610, G19, G21, 624, 628, 630, 632633, G37--63S, G40, A2 613, 651 659,
670671, 674, 676, 684 685,687 709, 711T715, 7157123, 730- 733, 737, 715, 753, 755, 159
760, 768-770, 777, 779, 781-734, 188, 792193, 796,810,512 520.525 526, 530, 537, 849,
551, 655, S608G1, 894, 898-900, 902 - 903, HOT, DIL, 017, 919, 925 927, 036, 91 1 43.

Banka, 853- 884, 887 - 888.

Baptam en Bantammers, 79, 50, 82, 100, 105, 121 123, 132, 135, 191, 232, 240, 246 247,258,
261, 269, 288, 299300, 309310,519, 331,334 -335,337T311,813  351,356 Joy, 362-364,
367374,379 850, 356392, 397398, 400, 103,107 408, 410 A12, 414120, 151,43 435,
487, 440, 444, 451--152,458, 168 169, 472, 174 177, 481, 183, 185, ADR 490, DIV 520, 522,
524 531,535 536, 542543, 546 547,540,551,513- 556,559,568 566, DUS 0T1,073-- 576,
882-581, 586, 558589, 593, 595, 5975, GOI, GO1, GLI, G32-G63B, 610, 612, 615, G51 652,
657, GGO661, 661 G65, GES, 670, GT2, 671, 742, 759 7GO, 761, 769, TTL 775, 776 7T77,779,
152, 188 789, 798199, B23,527, 533534, SGI EG4,5T1,871,577  BIS,BRI BEL, BKS KRI
591 895, 901, 903904, 908, 915--917, 919-922, 929, 946, 473, 976, 978.

Barnevelt (fort), 495497.

Batavia, 7783, 88 99, 1038106, 109 112, 115, J18123, 142, 135, 138 134, 148 150, 156
167, 170181, 184205, 207,209 -211,213 -214,218--219,221,2265,298, 231 -210,947- 219,

259204, 269 277, 279, 282-288, 290297, LUI BiA, 317, F13L6, 757  154, 760, 702,
764, 766 768, 771175, 177, 179-760, 782785, T8B TIL, TUB TUD, 707 TS, BOD 50Z,
S811B818, 620B825, 827 830, 532835, IT BiB, hA5 SAN, 551856, BAH KGO, KOL KTO,
872, 875 676, 878870, 883 588. 90, 502, 595 - HUG, KUB, 960, 902, G01,907,910 016, GIR
919, 923 924, 996, 929, 931 -UB3, V35 039, 044, 916, 950, 954, 958 960

Brtjan, 5052, 112, 130, 132, 138 1439, 142148, 242, 210, Zot, UIT BIs, 494  A97, 545,
548, 731, 912.

Belgiea (fort), 490.

Benau w (2) 239.

Bengalen, 178, 186, 227, 293, 781.
Bengalen (bocht van), 867, 591.
Besi (Poeloe), 510, 514, 553.

nn:
