1

1058

F.
Fsrando, 159, 165166, 175, 767, 787, 832, 839, 811, 845 846, BS, 572, 939,
Fortuyne, 364, 366, 368, 373, 378 379.

G.

Galliasse, 151, 166, 232, 362 365, 882, 393 395, 400, 405, 519, 54G, 568, 571, 573, 581, 585, 609,
G12, 823, 829, 343, 816S47, 865, 595.

Gelderlandt, 331, 353, 738.

Globe (Engelsch), 126127, 131, 245.

Goede Fortuyne, 84, 8889, 9293, 95, 99, 103104, 139, 413, 416418, 420421, 423424,
429, 443, 457, 465, 525, 582, G13, G27, G29, G33, 638--640, 642643, G45, 618, 650, 656, 664 -
665, 668 670, 674, 676, 755, 759, 761, 765, 770, 772, 779, 785, 787, 794, 917, 937.

Goede Hope, 613, 645, 905, 957.

Goes, 331 335, 354 356.

Gorcum, 199, 201, 208, 214, 232, 253, 308, 570, 872-873.

Gouda, 107, 125126, 132, 232, 794 795, 802, 807, 821, 828, 531, 538-510, 812, 905, 918, 922,
940, 947.

Gouden Leeuw, 9495, 117150, 117, 182, 187, 206, 208, 210, 213, 232, 240, 261, 350381, 408,
466, 469, 473, 477, 479453, 487 489, 500501, 506, 516-517, 520521, 531533, 535,
587, 540, 543, 545, GO2, 613, 672, 723, 756, 761, 767, 170, 712 174, 179, 181 TB4, 802.829, 833,
B47, 860, 862, 864-865, 872, 874, 883-855, 588, 905, 907 03, 914, 934, 939, 964 I65, 977.

Groene Leeuto, 14, 78, 334, 345, 350, 352, 410, 413, 415, 138, AAN, 450, 153, 155, 490, DOG, 520, 525,
527, 529, 535536, 542543, 552, 554, 563564, 606, 625, 6G61-663, 666-668, 781, BON, 821.

Groningen, 80, 99, 106, 151, 166, 232, G62G64, 66666B8, 753 754, 759, TON, 775, TEL TH5, 189,
839 840, 843, 846, 906, 910.

Groole Jeems, zie Royal James.

H.

Haen, 14, 'i7 19, 81, 98, 106, 151, 166, 232, 771, 813.

Haerlem, 301, 306, 544, 557, 566, 571, 573, 591, GO1, GO5, 649, 633, 722, 743, 753, SUI, 936, 951, 955,
958, 977 978.

Halve Maen, 351, 362, 398, 428, 775.

Harinck, 229, 257, 305, 311, 762, 764, 840, 851, 8538 854, 907 909, 912, 918.

Hart, 15, 21, 32, 44, G1, 84, 8889, 9293, 95, 139, J6H3GI, 378 374, 37G, 465, ATI, ABG, 500,
506507, 514517, 519, 524, 562, 569, 571, 578515, 585, 589 -590, 594, 507, GOO, 619, G5B,
669, 674, 634 685, 688-692, 707, 782, 737, GA2, 155, 719, 757, 977 GTK.

Hasewint, 109, 171, 174, 198, 238, 257, 305, 813 -344, 348, 350, 771, THB 759, BUY, HOI, VOM, VO7
 908, 912, 918.

Hermitage (Fransch), 238.

Heusden, 199, 228 229, 232, 234, 253, 870, 871875, 583884, 896 597.

Heylbot, 25, 40, 48, 45, 46, 61, 116, 723.

Hollandia (Nieuw), 138 15, 28, 2830, 85, 36, 39 10, 43, 46, 61, 70, 106, 111, 116, 132, 232, 665,
670, 674, 676, 680, 682-684, 686-693, 695GII, 701-702, TU5T0Y, 712 716, TIE725,
137, 140741, 766 767, 778, 785, 790, 940, 977.

Hollandia (Oud), 331, 360, 373, 378, 465, 502, 739.

Hoorn (Nieuw), 596, 831, 839, 846, 949.

Hoorn (Oud), 365, 312 8713, 377, 319, 358, 395 399, 401, 405 409, 445, 462, 464, 489, A91, 500,
606, 520 521, 524, 540, 549, 552, 554555, HOL, 583 584, 590, 974, VTT U7B,  Prije van dit
schip: 552, 555.

