Ld
he

mn

1062

 517, 520, 535-537, 539, 543, 51S5A9, 552, 559--561, 583, 613, 689, 613, 652, 663, 670, 674,
676, 679, 68LG6SS, 702, 7232, 788, 974975.

Wapen van Delft, 116, 118, 133, 240, 249, 254, 261262, 309, 762, 7165, 767, 784, 802, 823, 842,
590 896, 903 904, 907 909, 914, 927928, 942, 947, 958.

Wapen van Enckhuysen, 7, 43, 132, 314, 317, 319, 321322, 326, G53655, 657, 660, 664 -666,
668670, 674, 766, 531, 909 910.

Wapen van Haerlem, 486, 500, 506, 520, 535536, 539. - Prijs van dit schip, 500.

Wapen van Hoorn, 208, 232, 253, 668 670, 674 675, 679, 755, 774, 870, 8S1, 903, 910, 958.

Wapen van Jacatra, i1, 66, 684, 707, 7138, 121722, 789.

Wapen van Hotterdam, 199, 232, 253254, 257, 263-264, 269, 274276, 570, 851, 597, 902, 912,
915919, 935.

Wapen van Zeelandt, 54, S8S59, 92-95, 95, 139, 393 394, 398, 401, 412, 430, 442, 445, 455, 170,
525-526, 535-536, 538, 551, 562563, 566, 571573, 576, 559, 592, 601603, 607 608, 612,
619, 645, 683, 739, 748, 755, 759, 761, 766, 770, 772, 779, 781, 841, 905, 909, 918, 952, 957.

Weesp, 41, 90, 93, 139, 152, 184, 192, 208213, 228 229, 281, 231, 889, BBI 591, SIG -897.

Westcappel, 99, 103 104, 198, 305, 762, 785, 867, 569.

Westvrieslandt, 107, 125 126, 132, 232, 382-383, 390, 392, 397, 399, 418, 130, 133, 438, 153, 157,
462, 466, 534 540, 549, 552, 556, 56256d, 571, 574, 579, 581 -582, 591592, GOO, 613, 617,
625, 742, 779 180, 782, 786, 790, 794795, 803, BO7, S21822, 523, B31, 838 539, BAS, 105,
909, 940, 950, 957.

Witte Beer, 111, 208, 232, 237, 253, 8312, 354355, 378
444, 446, 454, 456 457, 462, 465 466,  545,  572, 575, 582
870, 917, 949.

Witte Leeuw, 344, 432, 465.      :

Woerden, 199, 208, 232, 253, 263, 870, 854, 887888, 952.

Z.

Zeelandt (Nieuw), 24, 35-36, 40, 4647, 50, 53, 5B657, 1, 66, 161 165, 103 LOL, 204, 210,
256, 252, 312, 323, 402, 431, 438, 443, 450, 465, 488, 535 -HB7, 566567, 571, 575, 587,591,596,
607, 612, 614, 616617, 619620, 622623, 625, 642, 652, 707, 718, 720 721, 732, 714, 751,
1791, 820, 817, 872, 874, 890 891, 900, 923, 933, 937, 939, VAB.

Zeelandt (Oud), 338339.

Zeewolf, 3, 33, 36, 38, 41, 45, 59, 116, 118, 241, 253, 258, 438, 440, 415, 151, 457, 163, 465, 186, 506,
519, 527, 529, 533, 535536, 573, 580, 589, 594, 597, G74, 702, 707, 721-722, 751, 758, 78, K52,
8985, 978.

Zierickzee, 3, 3540, 45, 53, 56, 61, 113, 151, 166, 252, 413, 416,423 125, 428 420, 431 - 4:32,
434, 413445, 458, 462463, 466, 470, 556, 560, 6659 670, 674, GBO, GHG (87, 699, 707, 720
723, 732, 738, 754, 762, 788 7189, 792, 801, 820, 843, 846-547, BIN, 905, 909, 923, 939.

Zuyder Eendracht, 316377, 383 386, 389-391, 417, 422, 443, 450, 458 459, AGL 461, 473,
489, 193, 500 -501, 504, 506, 516, 5235241, 535 -58G6, 549, 552, 566, 571, 573-574, 5B1, 589,
595, 600 601, 605, 661, 974 975.

Zuythollandt, 54, 88-69, 92-93, 95, 189, 758, 755, 159, 761, 770, 772, 775, 779, KL2, 512, 918.

319, 107 108, 410, 420, 422, 425, 430,
589, 595, 601, GO8, 617, 627, 640, 766,
