1045

Essen, 725.

Europa en Buropeanen, 8, 111, 206, 230, 235236, 260, 281, 292, 295, 2093, 300, 302, 315. 317,
320,385, 101,515,587,745746,759 - 760, 765,860,363861,871-872,879 830, 855, 914,023,
933, 9401.

F.

Firando, 57-60, 165 -166, 193, 195197, 202, 204, 265, 311, 341, 365, 501, 519, 760, 856.

Floros, 966.

Formosa, 155, 201.

Frankrijk on Franschen, 3, 6,8, 75, 109, 111 112, 235,237-239,303-304,313316,367 388,
390392, 397, 107, 414416, 420, 422424, 134437, 525-526, 555, 512,516,533, 6-18, 673
674, 773, 836-837, 871, 939, VEL - I62, 966

Friesland, 365.

G.

Gale (Punto de), 74, 76, 209, 350, 712.

Gamoelamoe, 39.

Geldria (fort), 181, 335, 820, 853.

Gilolo, 52, 112, 731, 199, 500, 942.

Giri, 100, 123.

Goa, 13, 8386, 58, 02, 105 106, 130 140, 152, 174, 182, 228230, 212, 256, 285, 206, 620, 632,
637, 740741, 755, 157, 759, 761, 167 770, 712715, 117, 779 -150, 782, 189, 823, 832, BIG
897, 936.

Goede Iloop (Kaap de), 6, 111, 199,313, 316,320, 322, 321, 326 327, 9S3,523,961 962, N61 965.

Goenong Sedaioo, 543.

Goesorate en Goeseraten, 6, 9, 91, 93, 110, 135, 183 1Sd, 188, 210212, 229, 262, 350, 424, 460,
545, 572013, 651, 619, 756, 7191793, 568, 916, DIL.

Goloonda, 227.

Goram, 22.

Gowa(op Celebes), JL.

'g-Gravenhinge, 862, 870, 910.

Grissee, 7, 12, 13,32, 11 - 57,69 -70, 100, 239, 296, 357, 428, 501, 503, 505, 509, 5235L4, SAL,
543, 545-548, 550551, 550-561, 577, 500, 600, 603, GLI, 634, 610, 676, 707, 723, 730, 795,
835, 851, 854, 853 SSL, SUG, O1,

Groot-Banda, 277, 5914, 701, 707 -708.

Groot-Brittanni, 83, 88, 475, G10.

Guinee en Guineesch, 95, 178 179, 907.

MHainan, 139, 161, B26.

Halong, 74 t, 726.

Faria, 724, 7265,

Haroekoo, 724, 725.

Jatalaha, 726.

Hutivo, 252, 724, 726,

Hativa Ketjil, 726,

Hatoe, 726.

Hatoehaha (op Harookoo), 49, 724, 728,
Matoeaivel, 745.
