1046

Hatoetoloe, 729.

Hautoena, 725,

Heidenen, 886, 933.

Hennelale, 725.

Hennelatoe, 725.

Henricus (fort), 103101, 662.

Hilatoe, 730.

Hitoe, 23, 25, 35, 36, 39 15, 62, 116 -117, 252, 281-285, 293, 317319, 333, 156, 491 LOL, GSH,
107, 715, 721, 723 726.

Hochieu, 305, 511, 942.

Hoehoa, 730.

Hoekoenalo, 726.

Hoekoerila, 726.

Hoenoet, 725.

Hoetoemoeri, 706, 721, 72

Hoewaloi, 49, 724, 729, 781, 736.

Holalioe, 724, 725.

Holland en Hollanders, 317, 407, 429, 607, G30, 718719, 725, 78.
Hollandia (punt), 766, 552,

Holloy, zie Hoewaloi.

Hoofden (do), 112, 236, 239.

B            Hoorn, 367, 383, 8355, 359.
Hoorn (kemer), 402, 654, 675.
Horalo, 730.
L
Ihamahoe, 31, 36, 49, 724, 727, 731, 784,

Indi en Indianen, 22, 55, 73, 76, 83, 89, 93, 122, 141, 166, 172, 179, 153,20: 207, 269, 285

 286, 288290, 292, 295-296, 300, 503, 305, 316, SLI, 325 326, 254, 361, BSE, ATL, KIN, AIS
449, 467, 175, 481, 496, 198 500, 555, 569, 577, 537, 592, 506, 995, 605, 635, 671, 105, TIG, 734,
740, 756, 758 759, 762, 176, 790, 793, 793, 797, 557, 556-837, DIL, UIA, 053, 973

Indi (- Voor-Indi), 931, 936.

Indi (kust van) ( Westkust van Voor-Indi), 227, 231, 231, 550, 761 TG2, 832, 501, 57.

Indragiri, 6,42, 8081, 99, 100, 107 109, 124, 197, 168 169, 171, 175, 198, 262, 5-17, 512,

-                 514,531, 553, 557, 584, 590, 611, 653, G63, 784, 809, 831, 365, 885, BIJ, 1055,
Indrapoera, 633, 742, 754, 162, 7164, 8551.

J.

Jacatra, 35, 7, 9, 1214, 1810, 22, 2J, 28, 8235, 37, JO 1, A5 17,52 61,63 6G6,6975,
17, 177, 300, 882, 387335, 810-846, 352, 357, 360, 362367, 369, 3165 477, 370, 352383,
385-8387, 393, 395 401, 401 -105, 407, 409111, 418, 416 115, 420, 422, 4125, 427,431 A33,
436, 438453, 455 459, 461, 468-465, 167-471, ATL ATT, ATI 185, AU, SISA), HON,
501517, 520525, 527533, 585, 937 -539, HAI 513, 515 518,50) 566, 569 570, HTA
577, 580, 591-586, 589-598, 600-609, GLI -G16, 615621, 623 -6:30, 632-636, GIJB 612,
644617, 619 662, G6L 665, 667 676, G78 582, GBL 657, 657, 102,707,715, 722 723, 140,
136137, 741742, 144, 746, 749 751, 753, 155, 920, 973 -IB1, BEI, ISH, III, 95.

Jacatra (koninkrijk), 899.

Jambi, 6, 4243, 70,78, 75, 71-82, 98Y9, 106-109, 121, 148, 157, 165-169, 171, 173, 179, 188,
192, 197-199, 201, 206, 210, 213, 281, 238 -210, 246, 261-262, 269, 295 295, 303-309, BIL,

