ee

893

Palsgraef (Engelsch), 102, 115.

Peerl, 33, 132, 525526, 570, 619, 749.

Pehoe, 261.

Pera, 47.

Prins Willem, 90, 102 103, 105, 108, 135, 137, 139141, 154155, 326, 389, 366, 371, 394, 396
397, 561, 671-672, 679, 685, 701 702, 711713, 718, 731, 777.

Purmrrent, 113, 125126, 137, 150, 246247, 279, 285, 407408, 415, 418420, 425426, 444,
451453, 460461, 463, 465, 645, 659, 675, 716717, 729, 743, 759, 766.

Oo.
Queda, 36, 69, 71.

R.

Rammekens, 128.

Reformation (Engelsch), 60.
Refuge (Engelsch), 115, 300, 310.
Reserve (Engelsch), 7.

Revengie, 33, 619.

Jleyger, 473.

Roebuck (Engelsch), 113.
Rijswijck, 850.

Ss.
Salm, 578, 584, 759, 830.
Schiedum, BL, 102104, 131, 137138, 151, 372, 382, 385, B89, 454, 457, 514, 520, 533 534, 537
-538, 718, 727, 731, 785 786, 743, 747, 761, 7767117, 719, 181, 787, 793, 797, 800B802, 809,

811, 855, 857.

Serdam, 5755719, 584, 830.

St. Nicolaes, 81,55, 120, 195, 247, 424, 623, 743.

Sloten, 36, 69, 7173, 83, 87, 109, 131, 148, 150, 237, 260 261, 313, 330, 332, 455, 474476, 487,
493, 506, 509, 511513, 517, 519, 560, 659, 666, 668, 672, 733, 735, 737 740.

Soulang, 278,                                         .

Soutelande, 579, 584, 530.

Speedwell (Engelsch), 60, 156, 480.

Star (Engelsch), 7.

Suratte, A71, 52, 122 124, 137, 150, 407408, 420, 426, 444, 465, 620, 717, 719.

Swallow (Engelsch), 513,

Swarten Arent, zie Arent.

T.
Terschelling, 104 105, 131, 336, 371872, 882, 579, 703704, 716,777778,797, 799B00, 811.
Texel, 3, 69, 18-14, 16, 58, 62, 99, 109, 121122, 181, 148150, 161, 163, 187, 199 190, 193,
221, 225, 227229, 289, 241, 244-245, 259, 304, 311, 313, 328 330, 332338, 492, 510, 517,
519, 611, 618--615, 620, 633634, 663, 666, 672, 775, BIL.                    ’
Teyouan, 35, 544 546, 564569, 578, 646, 711, 748, 752,
Tholen, 103, 181, 154, 156, 169, 372, 455, 460, 162, 468, 482484, 486, 515, 518, 541, 561, 578
574, 583, 588, 595, 598, 604, 735737, 739, 761, 763764, 776, 777, 787, 801 B02, 811, 857.
Portelduyve, 55, 196.

