883

Lampongs (de), 654655.

Lanckin, zie Nanking.

Larantoeka, 120, 196, 442, 707, 721.

Larike, 46, 4849, 122, 207, 209-210, 400, 680.

Latijnsche letter, 114.

Latijnsohe taal, 856.

Leiden, 38, 560.

Lema (Ilha), 277278,

Lesidi, 49, 67, 123, 187, 211213, 401, 438, 469.

Lequeos Pequenos, 276.

Levant (de), 599, 602.

Ligor, 533, 535-539.

Lillebooi, 49, 122,

Lingga, 252, 254, 277, 513.

Lissabon, 841, 846, 854.

Lobo Gonsalves (kaap), 154.

Loehoe, 67, 114, 122-125, 139, 187, 211213, 226, 899, 401402, 406408, 410, 484, 438, 469,
680, 685, 706, 7138, 717, 783, 785, 843844.

Londen, 798, 847.

Lontor, 181, 216, 222, 268, 417, 463.

Losari (Eji), 545, 564.

M.

Macao, 83, 6869, 74, 83, 109110, 112, 182, 158, 157, 237, 261, 277278, 318, 380, 332, 456,
499500, 507, 513, 5651, 559, 666667, 744, 816.

Madagascar, 4, 7, 60, 104 - 105, 775.

Madoera, 423, 446, 568, 855.

Madrid, 841,

Magellaansche Compagnie, 59, 125, 177, 191, 215, 228, 241.

Mahumetische natin, 55.

Majauw, 473.

Makassar en Makassaron, 29, 4749, 55, 113 114, 121, 128 124, 127, 133134, 211, 227, 242
 213, 278, 200, 332, 337, 350, 383, 400, 409410, 417, 420, 423, 446, 448, 450, 472, 476, 525,
587, 551, 642, 650G651, 686, 714, 783, 852858,

Makjan, 44, 46, 122, 133134, 139, 187, 226, 402, 432, 431435, 437439, 459, 469, 7138 714,
844, 852.

Malabar (kust van), 115, 117, 805.

Malajoe, 4L, 121, 135, 189, 191, 240, 433, 437, 439, 852.

Malaka, 8834, 49, 59, 66, 68, 83, 92, 112, 129, 158, 233, 237, 248, 254, 259, 261, 318, 332, 376, .

446, 455, 547 548, 620, 646, 653, 656, 663, 667, 739, 744, 808, 816, 819, 855.
Malaka (straat), 66, 295, 618.
Maleiers en Maleisch, 48, 374, 533, 686, 714.

Mamale, 47, 125.
Manila, 81, 41, 71, 73, 99100, 110, 114, 121122, 135, 153, 157, 188, 193, 227 228, 286, B11,

818, 329, 882, 413, 432, 456, 559, 562, 655, 667, 781, 807, 850.
Manipa, 47, 67, 128124, 207.
Mardijkers, 45, 49, 54, 9598, 122-123, 129, 188, 404, 123, 441, 697698, 709, 769, 771.
Marico, 489, 468.
Maroendoe (rivier van), 92, 93, 95, 98, 564, 711.
Martapoera, 447, 572.
