REGISTER DER PLAATS- EN VOLKSNAMEN.

A.

Afrika, 60, 104.

Agra, 2022, 25, 260, 348 849, 352, 384, 387, 499, 590, 592, 597 598, 836.

i (Poeloe), 126, 417-419, 463, 819.

Ajudbja, 168.

Aleppo, 27, 152, 360, 602, 755, 821, 826.

Allecheiligenbaai, 805.

Amadabat, 21, 26, 117, 348349, 352.

Amblau, 125, 208, 403 -404.

Amboina en Amboineezen, 1 112, 15, 41, 4450, 5253, 62, 6567, 99, 114, 121127, 133
184, 1388139, 150, 154, 156, 162, 176, 178180, 188190, 193, 206207, 209210, 213221,
226250, 240245, 279, 350, 382383, 396, 399 -400, 402 -403, 406416, 420423, 425,
428431, 434, 456438, 412445, 451457, 459462, 465, 4674T1, 473, 476-478, 515,
552, 555, 620-621, 627629, 633, 640--641, 663, 679 681, G81 635, 68I 690, 705706,
712717, 719, 7238724, 726727, 729, 731732, 749, 783786, 793, BOO, 802-804, 807, 816
819, 827, 843844, 853, 858.

Amersfoort, 136.

Amsterdam en kamer A.mstordam, 8, 17, 28, 139, 156, 260, 327, 603, 611, 705, 755, 788, 797, 824,
535 836, 850, 857.

Angkee (rivier van), 85, 88, 238, 481, 634.

Angoln, 841.

Annabon, 154.

Antongil (baai van), 60, 775.

Antwerpen, 84E.

Arabi en Arnbieren, 132, 151, 481482, 815, 822,

Armeni en A rmenirs, 21, 351, 853, 363, 368, 755.

Armigon, 80, 66, 151, 248249, 291, 516, 669, 816.

Aroe-eilanden, 54, 127, 182, 218, 247, 417, 463464, 4167, 473, 784, 853.

Arrakan, 30, 33, 36, 66, 113, 118, 151, 156157, 292, 295, 297, 301302, 306309, 336, 370
871, 151 453, 455, 457, 460, 515 -516, 579, 618, 618649, 652, 665, 667, 727, 759.

Asseloula, 49, 407.
Atjeh en Atjchern, 31, 64, 66, 113, 119, 251252, 254, 259, 292, 484485, 574, 642643, 669,

7182783, 843.
Aymoy, 72, 109, 149, 160161, 316, 340341, 393, 426, 488, 541.
Aynam, zie Hainan.
Avoren (de), 199, 231, 395, 711.

Babyloni, 27.
Bagdad, 120, 602, 754, 821.
Bahia de todos los Santos, zie Allerheiligenbaai.

