Ed

879

Canton, 17, 150, 157, 260, 499500, 505508.

Casbijn, 27.

Castilianen, 329, 382.

Caton (Poeloe), 277278, 518.

Cecir de Mar (Poeloe), 277-278, 513.

Cecir de Terra (Poeloe), 277278, 513.

Ceilon, 33, 153, 298, 305, 312, 381, 385, 453, 455, 521, 618, 648649, 347.

Celebes, 480, 473, 724.

Ceram, 15, 47-51, 5d, 125-126, 181, 185, 211214, 246-247, 271, 279, 408, 405, 621, 645, 659,
680683, 714, 817.

Chaul, 152.

Cheribon, 144, 475, 646.

China en Chineezen, ook in den Maleischen Archipel, 1012, 15, 1719, 35-36, 3839, 4,
5556, 5859, 61, 63, 69, 7174, 76- 79, 81, 83B88, 94100, 102103, 105 -106, 108-110,
11814, 128-130, 185, 1d4, 146148, 150, 158154, 158, 160162, 165169, 189, 195,
201, 205, 227228, 235 237, 244 245, 248, 260266, 268274, 276, 278, 281, 284-286, 288
 290, 300, 311, 313315, 817, 319, 321331, 334, 337, 339341, 375, 405, 426, 439, 441, 454,
4583, 460, 474-475, 487 - 494, 497, 499503, 505 508, 510, 513, 519, 526, 533-534, 536, 547,
551552, 556, 558, 560, 590, 621, 623, 680632, 639, 641, 646, 652, 660, 663, 665666, 670
671, 6856865, 692693, 696699, 704, 707 709, 711, 716, 719, 783 741, 750, 751, 767, 769,
711, 780-781, 785, 790, 793, 806--808, 814, 816817, 822 B24, 827, 831, 335, B37, 848844,
849851,

Chiacheu, 35, 7174, 83, 100, 108110, 150, 286, 314, 322, 488, 491, 501, 503.

Chincheu (rivier van), 110, 149150, 271, 313, 315, 317, 326, 381, 487488, 490491, 499
500, 503.

Chineesche Zee, 72, 100, 105, 109.

Christenen, 41, 50, 55, 70, 116, 123, 188, 221,335, 353,419 -420, 437, 497, 511, 674, 721, 784 785,
846, 858.

Cochin, 153, 458, 455, 518, 663.

Cochinchina, 234, 837, 474475, 133.

Condor (Poeloe), 277, 513.

Constantinopel, 365, 591, 602, 779, 815, 821.

Corornandel (kust van), 67, 1117, 19, 21, 27-28, 3031, 38, 46, 5961, 6566, 68, 90, 101,
104-105, 115. 116 118, 135, 1387188, 151, 154, 156 157, 162 - 168, 115 177, 183, 189, 229,
232, 236-237, 244-245, 247, 249, 258259, 290, 294295, 301, 303, 805, 307, 309310, 312,
319, 335-336, 339, 345, 350, 355356, 370 373, 379, 382389, 128, 446, 452, 454, 457, 460,
462, 466, 471, 477478, 486, 499, 504, 507508, 513, 515, 520, 535, 541, 5434A, 558, 573,
579, 5DSL583, 592, 597, 617G18, 625, 640641, 648649, 652, 667668, 675 676, 685
686, 688, 599, 708-704, 716720, 727, 729, 733, 735, 737, 143145, 759, 761, 775, 778, 786,
191192, 794, 797, BOO, 806, 812, 814816, 522, 828B29, 936, 844845, 847 849, 558.

Cotatenga, zie Kota Tengga.

Cotche, 335, 553.

Cottaringa, zie Kota Waringin.

Coutaringa, zie Kota Waringin.

Coutohy, zie Cotche.

Daboel, 25, 31, 120, 152.
Dantzig, 843.
Delft en kamer Delft, 17, 90, 260, 857.

