892

Ys Lants Hope, 55, 59, 120, 151, 195, 247, 421 422, 424, 623, 722, 731, 786.

la Lants Mauritius, 21, 114, 156, 354, 424, 460461, 463, 465466, 4684T71, 476 479, 518,
722, 729, 131782, 735 736, 762.

Leeuwarden, 850, 855, 857.

Leeuwinns, 34, 6-8, 1314, 16, 27, 58, 60, 65, 90, 104, 114, 118, 120, 135, 137139, 145, 155,
259,294, 301, 305, 371, 380-381, 397398, 514, 520, 561, 611, 618, 685, 687, 717 718, 775, 806,
811,815, 843, 850, 855, 557.

Leyden, 103, 131, 154, 156, 344, 372, 455, 460, 462, 466, 518, 544, 557, 561, 578, 584, 743, 775, 777,
187, 793, 801802, 809, 811, 845, 557.

Eton (Engelsch), 391.

London (Engelsch), 60.

Macquereel, 76, 86, 112, 222, 282, 249, 254, 258, 338, 392, 630, 636.

Maecht van Dordt, zie Dordrecht.

Marta (Engelsch), 7, 141, 155, 480, 518, 586.

Mauritius, 2021, 156157, 161, 354, 373, 375, 377379, 476477, 492, 509, 511, 557, 662, 675,
690, 733, 745, 757, 759, 761762, 776, 780, 781782.

Mauritius (Groot), zie Mauritius.

Mauritius (Oud), 111, 14.

Maurits (Engelsch), 14, 6061, 81, 84, 86, 103, 153, 200, 239, 624 626, 828.

Medemblick, 11, 27, 2931, 66, 113, 118119, 137, 145, 154, 175, 232, 294, 452454, 456-457,
459, 465467, 618, 640, 653, 727, 780.

Middelburch, 18, 738, 776, 812, 841.

Middelburch (Nieuw), 850, 855, 857.

Mocha, 47, 52, 122, 620.

Moortcuyl (bijnaam van een landsschip), 3.

Munnickendam, 46, 5051, 121, 133, 236, 240 241, 244246, 412, 442, 640, 714, 728.

Muys, 257, 525526, 566, 568, 654, 748.

N.

Nachtegael (Deensch), 29.

Nassau, 108 105, 108, 135, 137, 139, 141, 154155, 326, 339, 366, 371, 394, 396 397, 561, 671
672, 677, 685, 711713, 718, 741, 777, 188, 792, 797 7199, 811, 843.

Nassau (jonk), 510.

Negapatnam, 115, 151 152, 342343, 345, 354 355, 357, 866, 370371, 382, 391, 675.

Nera, 82, 111, 132, 266.

Nieuwe Peerl, 337, 642, 614645, 648.

Nieuwicheyt, 114, 118, 137, 354, 379, 384 385, 446, 449, 513514, 538-584, 53753H, 687, 699,
725, 741,

Noort- Hollant, 3189, 114, 672, 738.

Nijmegen, 842, 850, 855, 857.

o.
Oostsanen, 578, 584, 830.
Orangie, 28, 25, 40, 45, 60, 103, 121, 205, 225, 227, 229, 236, 239-240, 245, 326, 344, 365, 873, 395,
405, 436, 455, 457 458, 480, 517, 585, 633, 660, 781, 802, 820, 823.
Orangie (jonk), 280, 284, 287.
Orangieboom, 742.
Ouwerkerck, 36, 69, 71, 109, 802.
