et

891

Galias (Nieuwe), 17, 259 260, 659, 686, 857.

Goes, 578, 584, 590, 764, 830.

Gorcum, 111, 113, 182, 282, 299, 306, 311, 377, 407, 425, 428429, 438, 445,471, 665, 667668,
675, 790.

Gouda, 18, 782, 776.

Gouden Leeuw, 23, 25, 60, 103, 326, 344, 365, 373, 395, 455, 480, 517, 585, 802, 820, 823, 625, 830
831, 836837, 839, 841842, 857.

Gouverneur Coen, 237.

's-Gravenhage, 579, 584, 812, 829, 831, 842.

Griffoen, 34, 64, 122, 241, 245, 424, 641, 679, 699, 711, 717, 736, 749, 186.

Groningen, 39, 70, 109, 782.

Grooten Beer, 118.

Grootenbroeck, 27, 60, 65, 119, 131, 155 156, 166, 169171, 305, 379-381, 384 385, 388, 479
480, 561, 687 688, 722, 728, 734, 802.

Gulden Zeepaert, 21, 114115, 181, 151152, 342343, 345, 354-355, 357, 365366, 370 371,
382, 387, 389, 391, 558, 579, 583, 586, 538, 594, 675, 761, 776, 802.

H.

Haen, 3138, 69, 72-73, 83, 87, 109, 237, 259, 261, 263, 277, 279, 447, 658659.

Haerlem, 31, 205, 235, 637, 743, 783, 808.

Halve Maen (W. 1. C.), 154.

Haringh, 111, 113, 118, 132, 266267, 335 -336, 371, 549, 642, 644 645, 648, 650, 743.

Hart, 168.

Hart (Engelsch), 7, 847.

Hase, 68, 118, 137, 145, 232233, 258, 421, 527 528, 654, 717, 745.

Hasewint, 32, 55, 205, 249, 254, 257, 654, 659.

Heusden, 36, 6869, 108, 111, 148 150, 154, 158, 161, 163, 168, 263, 266, 268, 274, 284, 286
2871, 492, 495496, 517, 519, 551, 561, 765, 737, 779,                                        .

Hof van Hollandt, 855.

Hollandia, 12--13, 18, 6364, 67, 102103, 154, 578, 584, 590, 619, 636, 764, 776, 811B812, 817,
823, 8255271, 829830, 857.

Hollandia (Groot), 17, 86, 199, 260, 812.

Hollandia (Nieuw), 21.

Hope, 84, 40, 111, 7LL,

Hope (Engelsch), 7.

Huys van Nagsouwen, S4.

J.
Jacintho (prijs), 779.
Jager, 30, 515.
Jonas (Engelsch), 585, 598, 810.

K.

Kenwphaen, 34, 68, 1314, 16, 58, 60, 65, 90, 104, LL8, 151, 259, 291, 805, 421-422, 424, 514,
561, 569, 578, 611, 703 704, 717, 722, 781, 753, 175, SLL, 815.
Koudekerk, 550.

L.

'g Lants Arent, 4546, 121, 786.
'g Lants Hollandia, 1213, 17, 20, 63, 86, 102108, 154, 199, 260, 619, 811612,

