887

St. Juan, 513.

St. Lucia-baai, 105.

St. Paulus, 455.

St. Vincent, 845.

Siras, 359, 362.

Soekadana, 48, 113114, 247, 256, 446, 450, 550, 566, 569571, 645.

Soela, 405, 413, 852.

Soelang, 36, 108.

Soeloe-eilanden, 436, 473,

Soemedang, 92, 143, 482.

Soenda (straat), 9, 63, 87, 102, 187138, 230, 343, 385, 391, 397, 521, 591, 593, 604, 636, 638, 764,

Soerabaja, 337, 423, 855.

Sofala, 595.

Solor, 49, 55, 120, 139, 151, 195196, 247, 337, 421424, 473, 578, 623, 667, 705 706, 719, 721,
181, 785, 853.

Somber (cabo de), 276,

Spanje en Spanjaarden, 15, 4143, 45, 78 74, 99 100, 110, 114, 121122, 133 135, 150, 157,
187188, 192, 194, 212, 227 229, 243, 257, 263, 269, 278, 286, 290, 311, 319, 329, 332, 337, 343,
365, 377, 410411, 413, 417, 423, 429, 432-434, 4371 439, 446, 450, 458, 465, 469, 472413,
476, 508, 513, 521, 525, 537, 539, 542, 549, 554, 559, 562, 578, 585, 605, 614, 655, 662, 682, 687,
701, 723, 740, 805, 810, 817, 841, 849 851.

Suhali (kom van), 391.

Sumatra, 251, 254, 306, 606, 654.

Sumatra's Westkust, L7, 31, 64, 112113, 135, 137, 145, 155, 284, 258-259, 340, 354, 393, 447
 148, 522, 534, 540, 542541, 573, 575, 623-624, 640, 651652, 654, 665, 675, 685, 691, 717,
722, 733, 135 786, 739, 7467147, 756, 761, 765, 782183,

Suratte,5,78, 1112, 1416, 18 27, 31, 38, 46, 59, 62, 66, 90, 101--103, 105, 113 -117, 119
120, 135, 138, 151156, 162-163, 177, 183, 189, 232, 236, 247, 249, 258-260, 291, 293294,
300, 304, 310311, 319, 326, 339, 342-358, 361, 365-369, 371, 373, 375, 330 384, 386391,
395, 453-455, 499, 508, 514, 516, 5L3 544, 558, 579580, 583 592, 594 600, 603, 605607,
613--614, 517618, 643615, G69-670, 672, 674679, 684 686, 6833, 716, 719, 787, 747,749,
154155, 157758, 760764, 770, 776, 779 780, 782, 792, 794, 798, 803806,811,813816,
819-820, 822, 825, 832, 836, 840, 842, 844849, 351, 858.

T.

r'acomi, 41, 122, 433, 439, 468.

T'afasoho, 240.

Tefelbaui, 68, 60, 613614.

Tafori, 478.

T'ahano, 122, 189, 432433,

Taliabo, 473, 852.

Tanjaoer, 29.

Tartarije, 827.

Tetkanja (baai van), 36,

Tayoles, 296, 308, 373, 404.

Tayouan, 16-17, 3538, 6364, 68 72, 74, 81, 838B5, 87, 100, 102, 105111, 121, 133, 145 -
150, 154156, 158163, 165167, 188, 193, 237 230, 236, 247, 257, 259281, 284 290,
800, 3L3321, 323826, 328 430, 332335, 337, 413, 426, 445, 454, 456, 477, 479, 186498,
500503, 505510, 512513, 519, 550562, 631 633, 645, 652, 654655, 658, 660, 662, 665
 666, 670672, 685686, 719, 736742, 150 752, 759760, 780782, 798, 507, 818-815,
817, 828, 827, 850-851.
