meme vr d

885

Oma, 208.

Onrust, 80, 94, 128. 627, 635.
Ontong Java, 78, 90, 128, 341, 767.
Oost-Indi, 3, 794, 826, 841.
Orienten, 55, 224, 265.

Orissa, 291292, 295, 307, 371, 667, 669.
Ormus, 176, 359 360, 643, 648.
Osaka, 100, 107.

Ouker, 92, 143, 482.

Oulacoan, 651.

Ourien, zie Oering.
Ouwendender, 217.

P.

Palembang, 3233, 68, 112, 223, 243, 248-255, 258, 337, 340, 392, 446, 522, 527, 534, 547, 549
550, 570, 631, 647648, 664, 748 749.

Palembang(straat), 277, 280, 287, 337, 513, 660.

Paliakate, 29-30, 6566, 89, 104, 114, 119, 137, 293-294, 298, 301302, 305, 381, 384385,
387 388, 516, 521, 618, 687, 827,

Pamanoekan (rivier), 545, 564565, 578, 752.

Panderan (baai van), 39.

Pandjang (Poeloe), 84, 87, 636.

Papangers, 7374, 150, 227.

Pas (de), 205, 405.

Passenang, 541.

Patani, 17, 6165, 150, 234, 243, 271, 337, 429, 446, 474475, 533, 537, 540, 550, 569571, 747,
182783.

Patani (bocht van), 112, 427, 522, 533537, 741, 747.

Pati, 55.

Pedra Branea, 68, 71, 110,

Peerl (punt de), 9894, 619, 694695, 710.

Pegu, 66, 242, 669.

Pehoe, 71, 74, 166, 227, 316, 494.

Pekalongan, 423, 446, 475.

Pernambuco, 795.

Perrians, 296, 808.

Porzi, 5, 78, Ill2, (526, 30--31, 38, 68, 66, 80, LOL, 103, 105, IL4 117, 120, 135, 15L
154, 156, 162163, 175 176, 260, 297, 300, 303 301, 310-811, 319, 312845, 347 348, 350,
871, 375, 382, 384, 386, 389-391, 395, 499, 505, 535, 559, 550, 583, 586591, 593596, 598,
603, 605607, 612614, 618, 642 613, 645, 670, 672, 674, 676679, 747, 149, 754156, 758,
161-164, 770, 775, 719780, 782, 804 - 806, 813814, SL7, 621823, B26, 837, 839, 845
847, 858.

Perzische Golf, 24, 391, 618, 649.

Pesondores (de), 491.

Pipeli, 29.

Plymouth, 104.

Portland, 799.

Portsmouth, 395, 798, 800, 802, 811.

Portugal en Portugeezen, 21, 2930, 33-34, 48, 55, 59, 71, 112, 114, 120, 132, 153, 167, 176,
196, 212, 227, 248, 257, 259, 269, 278, 290, 318, 382, 387, 343, 365, 377, 381, 388, ALO, 417, 422

