894

U.

Utrecht, 34, 6-9, 1314, 16, 58, 80, 115, 131, 151152, 203, 206, 259, 310, 342343, 345, 354
355, 357, 363, 365366, 370371, 382, 891, 558, 579, 583, 536-587, 594, 606, 611, 613 615,
618, 627, 635, 637, 675, 720, 754, 157, 761, 1157176, 811.

V.

Veere, 1038105, 115, 135, 137, 141, 155, 372, 382, 386, 389390, 394, 397, 561, 685, 710713,
718, 717, 797, 801, 811, 850, 855, 858.

Velsen, 9, 13,27, 5859, 112, 137, 145,248249, 251 254,257259, 338,341,392,421,446 447,
449, 522, 524528, 546, 618, 687, 675, 725726, 745 746, 775, BIL.

Vianen, 3, 69, 1314, 16, 58, 63864, 80, 54-86, 102103, 154, 228, 230231, 259-260, 357,
585, 611, 613615, 623624, 631634, 636638, 775776, 811, 813, 817,819820,824, 831,
857.

Victoria, 83, 232.

Vliegende Draeck, 104, 139, 326, 336, 367, 371, 381382, 718, 777718, 180.

Vliegende Swarte Arent, zie Arent.

Vlielant, 104105, 131, 336, 371-372, 703704, 731, 777778, 197 800, 811.

Vlissingen 103105, 115, 135, 137, 141, 154155, 372, 382, 386-387, 359390, 393394, 397,
561, 685, 688, 691, 697, 711713, 718, 717, 197, 80L, 811, 850, 855, 858.

Vlissingen (jonk), 161, 492.

Vrede, 38, 63, 6869, 72-74, 56, 102, 111, 150, 154, 157 158, 161, 163, 228, 260261, 267, 274,
280, 282-284, 286287, 289, 313, 324, 333, 335, 375, 377, 492, 495 496, 517, 519, 551, 561,
631, 633, 654 656, 659-660, 737.

W.

Walcheren, 28, 25, 60, 103, 136, 326, 344, 365, 373, 395, 455, 480, 517, 585, 776, 802, 820, 831, 557.

Walcheren (jonk), 161, 492, 509, 511, 557.

Wapen van Amsterdam, 786.

Wapen van Delft, 1213, 17, 19,63, 86, 90, 102103, 154, 198199, 260, 278, 384, G19, 161, 776,
183, 811-812, 818, 830, 857.

Wapen van Enekhuysen, 103, 131, 154, 156, 171, 372, 455, 460,462, 466, 518,544,557,561,579, 552,
584, 175, 777, 787, 801-802, BI.

Wapen van lloorn, 34, 69, 13814, 16, 18, 58, 64, B5, 118, 187, 156, 259, 267, 208, 336, 570
872, 879, 382, 385, 518515, 520, 579, 568, 586, GL1, 613615, 631- 632, GAU, 675, 684, 699,
781, 148744, 115 176, 811.

Wapen van Jacatra, 691.

Wapen van Rotterdam, 60, 103, 131, 154, 156, 170171, 372, 455, 460, 462, 466, 515, 518, 561,785,
187, 741, 746, 750, 761, 775, 777, 801802, 811, 857.

Wapen van Zeelant, 719.

Waterhont (Deensch), 29, 581.

Weesp, 21,24, 114, 151152, 344, 341 348, 357, 369, 518, 558, 594595, 598, 604, 675, 761 764,
116 -171, 179, 181782, 797 798, 806.

Westcappel, 3138, 6869, 108109, 149 150, 168, 263, 266, 268, 274, 281, 284-285, 287 288,
290, 300, 811, 814, 322, 333, 426, 650.

Westsanen, 518, 534, 830.

Wieringen, 104105, 118, 131, 336, 371372, 382, 385, 487, 493, 506, 509, 511, 513514, 517,
619, 560, 710, 718, 736738, 740, 777, 197 798, 811.

RE

AKD CN

