878
Balamboan, 55, 113, 156, 425, 428-429, 445, 461, 466, 410472, 474475, 478, 549, 650, 123
124, 730, 762.
Balamboan (straat), 102, 638.
Bali, 461, 466, 470471, 4738, 546, 549, 566, 568570, 723724, 780.
Bali (straat), 87, 638, 831.

Balimban, zie Palembang.

Balouan, 108.
Banda en Bandaneezen, 1112, 15, 49-54, 62, 6566, 123, 125127, 134, 139, 150151, 156,

162, 180156, 206, 210, 215219, 221, 226, 240242, 245-246, 262, 271272, 279, 285, 300,
882, 396, 403, 407408, 415 420, 422423, 425, 428 429, 136,438,445, 451 453, 455, 460
467, 469471, 473, 476 478, 620622, G27, 629, 640, 645, 659, 679681, 684, 689, 705706,
712, 716717, 719, 723, 729 733, 746, 784--185, 507, E16, 818 819, 823, 844, 853.

Bandjermasing, 137, 446 450, 522, 550, 566, 569571, 725, 782783.

Bantam en Bantammers, 1014, 18, 44, 5658, 6162, 14 -81, 8487, 8992, 9596, 101
103, 115, 128-130, 182, 140141, 143 145, 150, 155, 158, 165, 199206, 222225, 234
285, 237 240, 243, 259, 271 273, 296, 299300, 307, 310311, 339, 341, 384, 420, 423425,
427, 450, 459, 472, 480-483, 485, 515, 544, 516 548, 559, 561, 585586, 593, 623 627, 630,
685636, 639 640, 652657, 659, 664, 673, 691693, 702, 722, 727728, 734-785, 747
748, 766 -767, 778, 7182, 508, 810, 813, 819-820, 840, 856.

Barbuquet, 83, 237.

Barnevelt (fort), 437.

Bassain, 847.

Batavia, passion.

Batjan, 40, 122, 133, 135, 139, 191, 242, 432, 437439, 469, 807.

Beerenbaai, 73, 83.

Bengalen, 29, 120, 138, 260, 296, 308, 372373, 381, 384, 388, 516, 618, 665, 688, 770, 795.

Bengalen (bocht van), 33, 137.

Benjanen, 595, 598,

Benkoelen, 485, 541.

Berg, 810.

Bergen op Zoom, 810.

Berhala (Poeloe), 66.

Bima, 478, 546, 566, 569 570, 650651.

Boano, 405, 413.

Boeroe, 67, 207, 401, 403, 852853.

Boeton, 121, 409, 420, 430, 444, 852.

Bombay, 847.

Bommel (redoute), 770771.

Bonaya, 485.

Borneo, 118, 255--256, 446, 449, 546, 566, 569570, 650, 675, 745.

Brazili, 384, 795.

Brazili (baai van), 841.

Bristol, 8.

Brotchia, 26, 260, 8348 349, 852.

C.
Caleboque, 126.
Cambaya, 21-22, 260, 352.
Cambodja, 158, 284, 243, 217, 837, 382, 429, 448, 414475, 518, 550, 569571, 642, 132733
Canarische eilanden, 3.              A
