890

Campen, 104, 189140, 326, 336, 367, 371, 718, 777, 797 798, BO1.

Chincheo, 109, 148150, 168, 263, 266, 268, 274, 455, 561.

Christiaenshaven (Deensch), 29, 113, 581.

Christoffel (Engelsch), 14, 61, 200, 232, 239, 624, 626.

Cleen Arnemuyden, 33, 109, 148, 150, 153, 313, 330, 332, 564, 569, 655, 666, G68, 672, 753.

Cleen David, 822, 829830.

Cleen Heusden, 36, 69, 71 73, 83, 87, 105, 237, 260261, 278, 424, 459, 474475, 544 516, 564,
569, 578, 646, 355, 659, 711, 781, 748, 752.

Cleen Zeelandt, 180.

Cleene Hope, 34, 8385, 266, 564, 569, 577, 766.

Coster (Engelsch), 232, 525.

Cotchin, 58, 118, 120, 247, 424, 645.

D.

David, 299, 579550, 584, 175.

Delfshaven, 108105, 115, 135, 137, 141, 155, 372, 382, 386, 389 390, 394, 396 -397, 561, 685,
688, 710713, 718, 777, 797, 801, 811, 843, 850, 855, 857.

Deventer, 850, 855, 857.

Diemen, 109, 112, 181, 148, 150, 153, 258, 279, 313, 330, 332, 338, 506, 509, 511, 513, 517, 519, 525,
560, 666, 672, 676, 740741.

Discouvre (Engelsch), 102, 115.

Dolphijn, 143,

Dolphin (Engelsch), 102, 115.

Domburgh, 109, 131, 148 150, 161, 163, 168, 259, 263, 274, 2717, 279, 294, 286 287, 290, 313, 492,
510, 517, 319, 658, B02.

Dordrecht, 2021, 2324, 154, 260, 357, 455, 578, 584, 590, 760761, 768, 776177, 179, 181
 182, 802, 806, 811812, 823, 826, 828 830, 887, 857.

Dubbelden Arent, zie Arent.

Duyve, zie Tortelduy ve.

Duyve (Engelsch), 94, 115, 128, 155, 382, 389, 525.

E.

Eagle (Engelsch), 14, 61, 81, 84, 86, 103, 158, 200, 239, 624, 626.

Edam, 35, 38, 68, 83, 85, 87, 118, 151, 236237, 267, 295, 306, 309, 333, 870371, 451452, 455,
460461, 463464, 478, 540, 548 544, 573574, 667, 726, 183, 746 147.

Erasmus, 35, 38, 63, 68, 72, 86, 102, 109, 148, 154, 158, 161, 163, 168, 225, 259261, 263, 277, 279,
284, 286287, 290, 318, 426, 492, 495 496, 517, 519, 551, 681632, 658, 737.

Eeprance (Fransch), 19, 344, 542.

Exchange (Engelsch), 115, 152, 847.

Expedition (Engelsch), 16, 808, 810.

F.
Fortuyntgen, 52,

Frederick Hendrick, 1214, 16 17, 63, 86, 102103, 154, 199, 260, 578 579, HRA, 619, 761, 768
715776, 778, 802, 811B812, 830, 857.

GE

Galias, 84, 69, 1214, 16, 58, 63, 86, 102-103, 154, 199, 579--5           8      5
, 834, 6-9,      , 16, 58, 63, 86,        , 154, 199, 579--580, 584, 611, 618615, 619,
7116, 811812, 622, 829 880,                                a
