886

423, 429, 446, 450, 453, 455456, 473, 476, 494, 499500, 505, 507, 518, 518, Sal, 525, 587,
 542, 549, 551, 554, 585, 592, 596, 605, 618, 658, 663, 667, 687, 707, 721, 744, 754, 805, 807808,
816, 830, 838, 846 847, 849, 851, 853.
Praocel (droogten van), 277278, 518.
Priaman, 80, 393, 484, 541, 544, 685.
Prinsen-Eilanden, 387, 389.
Provinoin (fort de), 37.

Queda, 64.
Quelibon, 126.
Quelimoeri, 126.

Rees, 810.

Robijn (punt de), 57, 93, 694, 710.

Roode Zee, 779.

Roomsche Kerk, 41, 70.

Resengain, 50, 53, 180, 183, 185, 218, 417, 463, 591, 621, 819.

Rotterdam (kamer), 17, 170, 260, 857.

Run (Poeloe), 50 -51, 53, 180, 188185, 218, 417, 468, 591, 621, 623, 819.

Ss.

Saboegoe, 122, 433, 439, 468.

Sabon (straat), 337.

Saboua, zie Saboegoe.

Sammer, 217.

Sanchoan, 318, 332, 666.

Sangir-eilanden, 44, 437, 478.

Bangora, 475, 788.

San Thom, 386, 653, 663.

Saphier (punt de), 94, 619, 694695, 700, 710.

Saragamy, 436.

Sohenkenschans, 810.

Schotland, 140, 199, 231, 895 898, 775, 801, 842.

Selamma, 181, 217,

Siam, 35, 37-39, 68, 82-85, 81788, 111118, 150151, 156-158, 161, 168, 234, 236, 255, 266
268, 272273, 275, 277, 280-284, 287, 289 290, 299, 306, 311, 324 - 32, 335, 837, 373
879, 882, 427-429, 446, 448, 451452, 454, 457, 460, 462, 166, 474177 492, 503, 533, 535,

588 589, 550, 553, 557, 561, 569571, 640, 659G60, 667, 674675, 684, 727, 729, 1383 7134,
187, 7180, 782, 817.

Siam (rivier van), 157.
Sierra Leone, 4, 154, 579, 582, 684.
Silebar, 485, 541. -

Singapoera (straat), 808.

Sinkan, 36, 6970, 106107, 146148, 167 168, 265266, 274, 327 32H, 456, 494495, 497,
511.

Siolfalinen, 755756.

St. Antonio, 579, 584, 845.

Bt, Brandaan, 343, 391, 605.

St. Helena, 64, 108, 135, 230, 232, 357, 394, 397, 479, 624, 812.

