un

ap

REGISTER DER SCHEPEN.

Abigael (Engelsch), 65, 113, 294.

Amboina, 850, 855.

Amsterdam, 54, 247, 645.

Amsterveen, 1, 60, 64, 113, 137, 255 256, 484, 486, 541, 573 574, 635, 650651, 675, 717, 126,
735-736, 739, 765, 776, 783.

Arent, 9, 13, 27, 40, 5859, 66, 113, 122, 135, 187, 154, 206, 219, 221, 226, 240, 259, 430, 439, 442
445, 451, 453 454, 457 458, 465, 470, 550 552, 955 557, 559, 562, 620, 627,679, 685, 717,
722, 724, 727, 749752, 775, 180, 811.

Arent (Engelsch), zie Eagle.

Arnemuyden, 3485, 109, 148, 150, 161, 163, 168, 203, 232, 313, 330, 332, 492, 510, 517, 519, 578,
627, 655, 666.

Assendelft, 573575, 578, 584, 756, 830.

B.

Bantam (Nieuw), 19, 779.

Batavia, 27, 33, 65, 89, 109, 145, 148 149, 236, 294, 301, 313, 330, 332, 421, 445, 487, 493, 499
501, 503506, 509S11, 513, 517, 519, 522, 525526, 560, 575, 577, 579, 582, 584, 590, 642,
659, 666, 672, 735, 737 788, 740, 756, 78, 768, 811B12, B26, 830, 857858.

Beer (Engelsche), (prijs), 20.

Beets, 578580, 583584, 586, 759, 761, 830.

Bengalen (Nieuw) (Deensch), 29.

Beverwijck, 68, 112113, 137, 157, 232233, 392, 476478, 588589, 595, 598, 604, 618, 637,
641, 651, 685, 688, 716, 724, 733, 750, 763764.

Blessing (Engelsch), 115, 259, 300, 310, 354, 847.

Bommel, 21, 24, 114, 131, 151 152, 844, 347 348, 357, 369, 518, 538, 579, 583, 586, 588, 591, 594
595, 598, 604, 678, 761-764, 776 -777, 719, 781782, 502, 806, 845.

Bon Remedio (prijs), 305.

Brack, 850.
Briel (den), 52, 123, 125127, 137, 150, 176, 178, 180, 186, 215, 217, 246-247, 399, 407-408,

410412, 415, 418d20, 425426, 444, 465, 620, 627, 645, 712, 716717.

Broeckerhaven, 518, 584, 830.

Brotchia, 132, 242-243, 337, 642.

Brouwershaven, 16, 27, 60, 6566, 115, 118, 181, 151 152, 236, 244245, 249, 294, 297, 301
302, 305, 3L0, 342348, 354355, 357, 365366, 370372, 382, 391, 558, 579, 583, 586588,
594 595, GO4, 675, 161 764, 775, 118, 802.

Bruynvisch, 3d.
Buren, 618, 583584, 595, 598, 604, 761, 763764, 812, 830.

C.
Cameel, 35, 46, 50, 83, 111, 118119, 137, 151, 156-157, 266-268, 280282, 287, 290, 294295,
301, 303, 305, 307, 312, 335, 370-371, 379, 382, 385, 515, 517, 679, 644 645, 660, 668, 675,

698699.

