882

J.

Jacatra, 222, 630, 763, 840, 851.

Jacatra (rivier van), 85.

Jambi, 17, 31834, 68, 80, 8384, 112, 137, 145, 155, 232 -284, 243, 248254, 257258, 260,
279, 332, 337, 339 341, 354, 377, 392393, 421, 429, 446, 474, 522528, 534, 546550, 569
571, 618, 631, 636, 540 641, 647648, 654, 664, 687, 733, 735 736, 740, 745-749, 756, 782
 7183, 843.

Japan en Japanners, 1819, 21, 33, 3540, 59, 68 64, 6870, 78-74, 85, 87, 95, 97 95, 100,
105-106, 108111, 131, 146148, 150, 154155, 159163, 166168, 227228, 236, 260,
262-263, 265 270, 273 274, 280-282, 284290, 300, 311, 317320, 323325, 382335,
337, 375, 385-386, 426, 456, 467, 469, 479, 488, 492, 494498, 502, 505, 508, 511, 519, 533,
550560, 623, 6381632, 640, 646, 652, 655656, 660, 663, 668, 670 671, 674, 686, 697698,
709, 734, 737, 742, 1487151, 771, 780-782, 807, 817, 838, 850B51.

Japara, 55, 80, 114, 182, 383, 407, 420, 423, 445 446, 448, 451, 474476, 546, 563,581, 644 645,

 788, 748.

Java en Javanen, 9, 11, 14, 39, 49, 5456, 7779, 82, 88, 9193, 102, 104, 144, 154, 235, 238,
299, 337, 854, 420, 429, 475, 481, 545, 549, 565, 568, 570, 580, 634, 642, 657, 686, 694, 704, 707,
110711, 714, 716, 733, 759, 784, 827, 855.

Jedo, 6970, 106-107, 328, 668.

Jemen, 132, 845.

Johor, 251252, 254, 387, 341, 474.

Jortan, 423, 448, 451.

Judea, zie Ajudhja.

                                 K.

Kalimata, 439, 468.
Kambelo, 67, 123124, 139, 187, 211213, 226, 399, 401, 405408, 410, 418, 434, 438, 469, 680,
685, 706, 713, 783, 785, 848 844.

Kanaal (het), 64, 104, 140, 199, 231, 326, 395-396, 398, 480, 618, 632, 111, 775, 842.
Karimata, 58.

Kasteelsplein te Batavia, 77, 88, 238.

Kei-eilanden, 54, 127, 182, 218, 247, 417, 463 464, 467, 473, 784, 853.

Kelang Tamsin, 110, 150, 161, 269, 318, 829, 331, 492, 559, 666.

Kendal, 423, 446, 475,

Kerkdwarsgracht te Batavia, 694,

Kiscassen (de), 797,

Kleef, 810,

Korea, 313, 315, 318, 331, 491, 666.

Kota Paten, 30.

Kota Tengga, 485, 541, 543.

Kota Waringin, 118, 255 257, 446, 448450, 550, 566, 569 571, 650 651, 725.
Krawang, 645, 564, 578, 748, 762,

L.
Labova en Labouwere, 185, 191, 437.
Laer, 359.
Lagoendi, 785.
Lamahala, 195-196.
Lamo, 71, 83, 110, 318, 332, 666.
