De

ee dl dT eten en ET ere

kl ineen

881

Gingeli (kust van), 291292, 295, 307, 371, 667, 669.

Giri, 423, 448, 451.

Goa, 15, 24, 83, 153, 391, 653, 663, 846, 854.

Goede Hoop (Kaap de), 36, 89, 14, 16, 28, 60, 64, 102105, 115185, 230, 232, 304, 371,380,
389, 394, 479, 611 612, 619, 624, 775, 778, 800, 802, 811B12, 822, 824, 845.

Goereesche gat, 170, 543.

Goeserate en Goeseraten, 31, 100, 116, 119, 145, 259, 338, 351, 358, 446, 453, 455, 541, 543, 573,
576, 580, 676, 678, 745, 747, 157.

Golconda, 116, 133, 291 292, 373, 389, 514, 590, 669, 795.

’s-Gravenhage, 12, 16, 156, 271, 803.

Grissee, 337, 423, 446, 471472.

Grol, 101.

Groot-Britanni, 262 263, 803.

Guinea en Guineesch, 65, 232, 292, 373, 883, 385, 535, 776, 792, 814.

Guinea (bocht van), 154.

Gulik, 810.

H.

Haarlem's baai, 105, 161, 278, 492.

Hainan, 277-278, 513.

Hativa, 123, 138, 408.

Hettesieva, 47.

Hatuaha, 125, 208, 404.

Haytou, 109.

Heerenweg te Batavia, 78, 81, 694, 708709.

Heidenen, 114, 182, 168, 165, 7855, 853.

Henricus (fort), 248, 421, 623, 706, 721,

Hindostan, 21, 100, 116, 847, 355, 597, 599600, 814.

Hitoe, 4649, 67, 122125, 139, 150, 208, 211, 214, 226, 401405, 407410, 484, 459, 680, 706.
185, 817, 844.

Hitoelama, 47, 125,

loecheo, 7273, 110, 150, 160, 318, 331, 491492, 501, 503, 559, 666.

Flolland en Hollanders, 69, 77, 189, 177, 199, 281, 283, 395, 432, 437, 462, 465, 471, 509, 620, 755,
803, 837.

Hollandia (redoute), 95, 98, 142, 432, 698, 700, 768.

Hoofden (de), 480.

Hoorn en kamer Hoorn, 34, 17, 29, 260, 580, 822, 835 857.

Housieuw, zie Hoccheo.

Houtman’s droogte, 576, 579, 757.

L.

Ierland, 140, 199, 281, 395, 897398, 801, 824, 842,

India (cust van) - Westkust van Voor-Indi, 618, 648649, 687.

Indien Indianen'',1920, 28, 34, 55, 5859, 67, 50, 82, 101, 104, 1381132, 136, 154, 209, 223,
229230, 237, 246, 325, 337, 850, 397, 429, 455, 488, 584585, 590, 592593, 602, 615, 619,
676, 680, 758, 715, 787, 190791, 798, 805-506, 809-811, 818, 822, 824, 832, 835, 339B40,
858, 855.

Indragiri, 284, 248, 251 252, 254, 337, 341, 429, 474, 550, 571, 620.

Indramajoe, 567.

Indrapoera, 485, 541, 543, 651.

Isfahan, 27, 152, 359, 364865, 369, 390, 594 595, 600601, 154 755, 821822, 837, 846,

56

