884

Martin Vaz, 4, 812,
Masoelipatnam, 28-29, 65-66, 89, 101, 118120, 137, 151152, 290, 292294, 297,302303,

343, 380-381, 384, 387, 389, 405, 514, 519, 535536, 579, 581, 588, 596, 663, 665, 668669,
688, 698, 737, 780, 816, 848, 849, 851.

Mataram, 10, 14, 55-56, 76, 9098, 9597, 99, 101, 113, 128130, 140144, 158, 164, 166,
248, 255, 266, 273, 299 - 300, 306, 337, 382, 407, 409, 413--414, 417, 420421, 423, 426427,
429, 438, 440 441, 445--446, 450, 471472, 475, 482, 503, 520, 525, 537, 544 546, 549, 559,
561, 564565, 568569, 578, 582, 593, 649, 651, 656657, 664, 667, 691693, 698, 722723,
725, 128, T41T742, 747 748, 152753, 765, 767, 769, 786, 854856.

Mattau, 36, 108.

Mauritius, 102, 115, 394, 591.

Mayo (Ilha de), 34, 6, 611.

Mayottes (de), 78, 104, 585, 611.

Miako, 106, 261.

Middelburg, 459, 829.

Middelburg (kamer), zie Zeeland (kamer).

Middellandsche Zee, 845.

Minangkabauwers, 647.

Mindanao, 44, 121, 190, 405, 436, 457 458, 478.

Mocha, 21, 23-26, 66, 114115, 182, 151--152, 292, 810, 843, 348, 499, 591, 605, 648, 669, 678,
179 780, 782, 808, 815, 845 B46.

Molukken (de), 1112, 15, 40-41, 4346, 4849, 53, 62, 65, 99, 121122, 125, 127, 133 184,
139, 154, 156, 162, 187190, 192, 194, 197 198, 210, 225, 227- 230, 236, 289, 241-245, 311,
882, 396, 399400, 403, 408 409, 415, 429 432, 434439, 442-445, 457458, 465, 468
469, 473, 478, 515, 559, 562, 620-632, 633 634, 640641, 663, 676, 682 684, 692, 105-706,
718715, 719, 128 724, 126-727, 7183 7184, 193, 807, 816818, 327, 851852.

Mooren en Moorsch, 2325, 2881, 41, 47, 5051, 65 66, 1141 15, 118120, 123, 127, 1:32,
184, 163, 165, 181, 203, 207208, 290, 292 294, 297, 302 303, 312, 345, 349850, 853, 371,
381, 384385, 888, 405, 407, 437 438, 514, 520, 522, 535, 579, 587590, 593, 595596, 198,
606, 629, 649, 663, 665 669, 688, 699, 714, 721, 758, B46B847.

Moro, 121, 437,

Moncovi, 602.

Motir, 122, 483, 439, 468.

Mozambique, 84, 158.

N.
Naelde van Wight (de), 104, 826, 336, 367, 37 1, 381, 8569, 798.
Nagasaki, 6970, 106, 198, 110, 154, 167, 323, 334, 495, 551, 553, 610 851.
Nangkin, 286, 315, 331, 491, 501, 503, 666.
Narsepoer, 291 292, 669.
Nederland en Nederlanders, passim.
Negapatnam, 886, 653.
Neira, 50, 180, 185, 418, 621.
Ngofakiaha, 189, 439,
Nieuwe Markt te Batavi:i, 651.
Noorwegen, 797,
Nova Spangia, 579, 585.
Nijmegen, 842.

Oelfasers (de), 404, 784,
Oering, 46, 49, 125, 207, 209210, 404.
