880

Demak, 423.
Denemarken en Denen, 21, 23, 4849, 58, 113114, 117, 124, 132, 297, 300, 343, 345, 350, 356,

381, 3888384, 394, 400, 542, 581 582, 590, 605, 687688, 750, 816, 844.
Dermeyo, zie Indramajoe.
Diamant (punt), 57, 79, 93, 96, 694695, 710.
Diu, 115, 152, 847.
Dover, 810.
Draesburch (fort), 581.
Duinkerken, 104, 347, 365, 480, 678, 796.
Duins, 596.

Edo, zie Jedo.

Emmerik, 810.

Emour (droogten van), 137, 521,

Eendrachtsland, 89, 757.

Engeland en Engelschen, 3, 78, 1011, 1816, 21, 27, 3033, 44, 48, 58, 6061, 64, 66, 68,
1481, 84, 86859, 9894, 96, 101 - 104, 112115, 117, 124, 127128, 132-134, 140-141,
144145, 151153, 155 156, 158, 164 165, 168, 199 206, 224 -225, 231232, 284235,
237 240, 248249, 259, 262 263, 272, 293294, 297, 300, 310312, 326, 338 340, 344, 347,
350, 354356, 366, 382363, 389, 391396, 398, 400, 405, 424, 455, 459, 479 4B0, 485, 517,
525526, 534535, 542, 544, 547-548, 574, 585, 559590, 594, 596, 598, 614615, 618, 624,
626, 632, 639, 652, 675, 678, 699, 702, 711, 718, 722, 734 736, 780, 783, 785, 796 805, 805, 310,
813, 516, 819820, 828, 832, 535-836, 839, 842-844, BAT, 856B857,

Enkhuizen (kamer), 171, 480, 857.

Erang, 67, 123, 211 212.

Europa en Europeesch, 16, 20, 22-23, 2728, 59, 6162, 89, 114, 177, 201, 224, 243, 265, 325,
343344, 347, 350, 383, 429, 436, 459, 478, 542, 550, 584, 602, 605, 625, G8GBBT, 758, 769, 754,
785, 813814, 816, 819-820, 822, 843.

F.

Firando, 88, 6870, 74, 83, 85, 87, 106108, 110111, 146, 150, 236, 263, 267-268, 273-276,
281, 287, 289290, 300, 323, 328, 333 335, 552-553, 557, 560562, 668, 670--671, 851.

Formosa, 3637, 73 74, 100, 106, 110, 146, 161, 166167, 227 229, 265, 269, 11 U7K, 829,
331, 550, 666, 781, 807, 817, 850.

Frankrijk, Fransch en Franschen, 27, 343345, 894396, 455, 480, 542, 578, 605, 611-612,
662, 701, 803, 856857.

G.

Galle (Punto de), 119, 298, 808.

Gamoekanora, 439, 468.

Gamoelamoe, 41.

Gamron, 114, 116-117, 152, 342, 344 345, 348, 353, 356857, 8359 --B60, 364, 366, 369, 386,

890, 594595, 599, 601, 605606, 676, 678, 754755, 804, 422, 546.

Gassang, 541.

Gelria (fort), 687,

Gelria (redoute), 698, 710.

Gentiven ( Heidenen), 371.

Geunieerde Provincin, 57, 202, 804.

Gilam, 601, 821-822, 837.
Gilolo, 122, 433,
