REGISTER DER PLAATS- EN VOLKSNAMEN.

.                                           2

Abrolhos (de), 532,

Aden, 517, 541.

Afrika, 438, 442, 448, 450, 466, 516, 577, 649, 658.

Agra, 541, 550.

Ai (Poeloe), 299, 312, 353, 378, 521.

Ajudhja, 538.

Aleppo, 401402, 489 490.

Algiers, 532.

Amkboina en Amboineezen, 9 10, 29, 32-37, 49, 103, 167, 169, 174, 291, 304306,311,315, 321,
329, 332, 358354, 36, 358, 869, 377378, 380381, 395, 403, 416, 418419, 421492, 431,
43d, 439, dld, 451, ABE, 490, 496, 502505, 512518, 526, 531, 533 - 534, 540, 554, 5OL, 572,
578589, 591, 594597, 602, GO4, 611, 613616, 620, G24, 628, 630G31, 634, 636639, 643,
617648, 650-654, 658 659, G62, 665666, 677, 683, 686687, 689 690, GI2, 695-699,
701, 708106, 717, 719, 721722, 726 72S, 784.

Axnsterdam en kamer Amsterdam, 16, 17, 204, 292, 294 295, 301, 803, 310, 318, 328, 330, 333,
335337, 339, 349350, 364, 367375, 399, 401, 403 404, 407 409, 415, 417, 481, 433, 440,
412, 448, 471478, 476477, 480, 507508, 511, 514, 528524, 528, 585, 559, 567, 569, 574,
G07, 625, 613614, 662, 667669, 671 672, 673675, GE, GII, 694, 709, 722, 738, 743.

Angolu, 522,

Aujer, S.

Aqnapnlco, 343.

Arabi, 87, 138, 140, 314, 353, 361, 378, 380, 382, 395, 405, 467, 484, 496, 580, 649.

Aroe-eilanden, 651.

Arrakan, 472473, 539.

Assahoedi, 4d4d.

Atjeh en Atjehers, 3, 46, 78, 79, 83, 331, 853, 441, 522, 538 589, 649650, 727,

Azien Aziaten, 79, 577.

Azoren (do), 537, 549.

Babi (Poeloo), 220.

Bagdad, 469,

Balamboan, 600.

Bali (straat), 394.

Bamingnno Pully, 517, 528,

Banjermasing, 650.

Banda en Bandancezen, 9-10, 29, 32 87, 64, 6769, 71, 73, 7576, 80, 88, 108, 183, 168, 202,
211-212, 263, 266, 2722713, 299, 304-305, 507, 811316, 319, 33L832, 341-343, 854, 356,
358, 371878, 580--382, 395, 403, 416, 420, 431, 434, 414, 447, 451 - 452, 481, 490, 502506,

512--513, 520, 526, 531, 536 589, 518, 554, 556, 569, 572, 578580, 563586, 589591, 593

597, 602, GO, 609, GL1, 613616, 620, 624, 628, 630632, 634, 636 637, 639, GAL G48, G50

651, 656657, 659, 617, 686, 717718, 726728, 742743.

