kad

Ik

780

Ss.
Sanipson, 541, 722.
Schiedam, 161, 476, 515, 549, 625,
Schoonhoven, 218, 437, 441, 448, 416, 515516, 568, 570, 722, 725 726, 734.
St. Cruz (veroverd Portugeeschi), 279.
St. Michiel (in beslag genomen Fransch), 18, 5253, 155, 158, 181, 405, 412, 418, 522.
Solor, 99100.
Sonne, 182, 156, 180, 190, 413, 431.
Sterre, 130, 167,
Sterre (Engelsch), 180, 461.
Supply (Engelsch), 60, 80.
Swarte Beer, 293294, 305, 322, 374-375, 391, 450, 156--457, 469, 472, 174, 476477, 481, 515,
524,

Swarte Geeuw, 117, 119, 124, 169, 290, 296, 304 305, 308311, 318, 341, 346, 350, 413, 428, 439,
462, 496, 556.

T.
Tezel, 110.
Tholen, 83, 151, 160161, 197, 203, 876, 391, 413, 416, 453, 468, 509, 690, 725.
Tortelduyf, 604, 628, 630.
Trouwe, 15, 18, 21, 133, 166169, 195, 327, 330, 336, 348, 378379, 392,
Pryal (Engelsch), 501.
Tijger, 155, 223, 381.

U.
Unicorn (Engelsch), 450.

V.
Valck, 148150, 294, 413, 469, 477, 481, 515.
Veere, 113, 122, 805.
Vlissingen, 355, 514.
Vos, 381,

Vrede, 1617, 433485, 437, 446, 468, 468, 474, 476, 496, 500--501, 507, 511, 516-518, 528,531,
656.

W,
Walcheren, 158, 224225, 227, 259, 283, 355, 405, 407, 414, 417, AGB, 515, 518519, 605,G23, 741,

Wapen van Amsterdam, 126, 167, 177, 186, 205, 225, 227, 250251, 258259, 346, 355, 741.
Wapen van Delft, 469, 478, 481, 515, 684, 688, 691, 721.

Wapen van Enckhuysen, 282, 241, 270, 441, 443, 476, 515, 522, 536, 542 543, 550, 568, 717.

 Wapen van Hoorn, 441, 443, 476, 515, 518519,

Wapen van Jacatra, 73.
Wapen van Rotterdam, 515, 518, 526, 528529, 727,

Wapen van Zeelandt, 5152, 62, 145, 170, 177, 181, 185, 827,386, 845, 3718, 883,412,415416,445,
517, 541, 734.

Weesp, 86, 441, 449, 461, 476, 488, 515, 519, 541, 690, 696, 704, 722.
Westcappel, 511, 515.
Westvrieslandt, 134136, 138139, 148, 184, 192, 196, 200, 327, 330, 336, 348, 378-379, 381,

383, 393, 403, 405, 410, 461, 468469, 474, 477 478, 481, 495, 509, 511, 515, 555, 662, 568, 681,
719, 7217122.
