769

378, 382, 398, 418 414, 419420, 429, 431, 488, 445 446, 464A465, 467, 477, 484, ABB, 492
495, 497, 511, 518520, 540, 546, 550, 565, 573, 579580, 589595, 597, 603 604, 619 622,
624 625, 629, 638639, 641, 650, 657, 720, 723, 725729, 732, 742.

Chincheu, 82, 464 465, 498494, 520, G03, 621, 726.

Chingier, 379.

Christenen, Christenrijk, Christenvorsten, 72, 123, 205-206, 419, 466, 526, 533, 542 543, 566,
517, 582583.

Cochinchina, 9, 413, 446, 538, 650, 726.

Comorijn (kaap), 61, 455, 466, 475, 518, 590.

Condor (Pocloo), 11, 466.

Constantinopel, 401 -402, 405, 413, 489.

Coromandel (kust van), 64, 164, 261, 289 294, 309, 315, 318, 321, 329, 331-332, 337 339, 341
 842, 846, 856, 360-361, 368, 373374, 378-879, 408409, 414, 424, 438, 450,455,457, 461,
167, 469, 72, 475, 477 4'18, 486487, 496, 502, 515511, 528, 531, 538, 544, 546, 549, 551,
561, 565566, 568, 579, 589, 604, 606, 621625, 639, GA1, G49, 659, 678, 720, 722, 724, 727,
129, 782.

Cotchin, 88, 93, 580.

D.
Daboel en Daboelders, 78.
Dantzig, 884, 542,
Daru, 650.
Delft en kamer Delft, 165, 327 328, 336, 345846, 373, 448, 476,478, 533, 656, G67,670, 638, 692.
Denimer, 262268.
Denemarken en Denen, 22, 79, 384, 395, 399, 408-409, 413, 459, 490, 525, 587 538, 542, 551,
563, 568, 592, 594, 596, 607, 657.
Dieppe, 3839, 44, 47, 301, 406, 409, 459, 520, 525.
Diu, 580.
Dordrecht, 414.
Duinkerken, 514, 550.
Duins, 434, 515, 551.
Duytsen ( Hollanders), 158154, 659.
Duytslant en Duytsen ( Duitschers), 303, 348, 480, 519, 542, 596.

E.

Eendrachtsland, 516.

Emmerik, 303.

Engeland en Bngelschen, 313, 15, 1719, 22, 2430, 3240, 4552, 6065, 6776, 78
88, B695, 99 103, 109, 119, 121, 139, 148150, 152155, 169, 171174, 183, 218219, 225,
215, 249, 273, 288-289, 291, 296-305, 311, 813, 317-819, 322, 324, 329332, 337338, 343,
351, 358-359, 361, 868, 371, 380381, 392, 394 -395, 400401, 408, 407, 409, 414, 418, 428
424, 428 435, 438-444, 11654, 458466, 468469, 474, 181H8H, 456, 488 491, 495
496, 499, 501508, 51l51d, 518521, 524527, 531-533, 536-538, 540, 542, 545-558,
561, 563, 567, 569, 571, 577518, 584590, 592594, 596, 600, 606607, 611, 620, 643, 655
657, 659, 665670, 680, 685, 689692, 695705, 717, 720, 724, 726727, 734, 141743.

Bnkhuizen en kamer Enkhuizen, 327828, 834, 336, 340, 365, 373, 476, 478, 523524, 628,

rang, 686,

Europa, 68, 79, 95, 334, 388339, 362, 371, 416417, 452, 459, 465467, 4744T5, 477, 182
484, 189491, 517, 519520, 531532, 537, 542, 546, 549, 556, 563, 569, 573, 577579, 592,
594, 596, 598599, GO2, 610611, G14, 616, 619620, 622, 627629, 633, 635636, 647, 653

 654, 686, 723, 728.
49

