775

Singapoera (straat), 25, 304, 313, 518, 650.

Singier, zie Chingier.

St. Antonio, 474.

St. Bras (Agoada de), 473.

St. Helena, 468, 605, 610, 620.

St. Malo, 301, 348, 405406, 409, 459.

St. Thom, 524.

St. Vincent, 474.

Soekadana, 127, 158, 538, 516547, 566, 650.

Soemedang, 732,

Soenda (straat), 180, 283, 288, 313, 436, 461, 466, 516, 589.

Soerabaja, 500.

Sofala, 87, 580, 649.            ze

Solor, 170, 288, 290, 308809, 352, 355, 550, 650.

Southampton, 683.

Spaansohe Zee, 461.

Spahan, zie Isfahan.

Spanje en Spanjaarden, 16, 25, 36, 109110, 144, 283, 200, 294, 297 299, 301, 303, 309, 316,
320,332, 343, 350, 360, 379, 408, 417, 429, 431, 443, 146, 477, 493495, 514, 532538, 5-42, 549,
569, 571572, 578, 581, 683, 589, 594, 597, 599, 605606, 623, 730732.

Spiritu Santo (kaap), 9, 496, 522, 726.

Suwmatraen Westkust van Sumatra, 39, 84, 392, 447, 461, 494, 590, 649550, 720, 727, 134,

Surnte, 64, 78-79, 86, 8890, 938 94, 301, 337, 378, 380-381, 394-395, 400, 405, 434, 438, 442,
d16, 418450, 454, 458, 460, 466467, 469, 474, 486 489, 503, 507, 517, 531, 5A15A2, 549
550, 579, 584, 590, 606, 624 625, 625, 632, 649, 664, 720, 722, 727728, 782.

T.

Tabilolo, 581.

Tacomi, 331, 550, 581.

Tafasoho, 581.

Tafelbaui, 436, 449, 474.

Tanahara, 8.

Tartaron (de), 728.

"Tegal, 788.

T'ogenampataam, 379.

Telluco, 581.

Tenimber-oilanden, 651.

Torceira, 384, 337,

Ternate on Tornatanen, 68, 71, 75, 174, 194, 297, 807, 312, 320, 331, 346, 353, 418 4L9, 460, 505,
522, 538, 540, 578583, 610, 638-639, 686, 717718.

Terra Alta, 815, 819.

Torroneuve, zie Newfoundland.

Toxol, 304, 311, 341, 345, 348, 379, 407, 414, 449 450, 461, 473, 481, 516, 524, 620, 691.

Tidore en Tidoreezen, 289, 331, 418, 505, 538, 578581, 583.

T'ikoe, 83, 84, 413, 468, 481482, 495 -496.

Timor, 170, 306, 808B8C9, B15, 319, 852, 361, 550, 650.

Tirepopelier, 874878, 516517,

'Tsiampa, 494, 650, 725.

Turken, 1386137, 677.

