-

770

Falmouth, 474, 690.

Firando, 910, 22, 124, 126, 550.

Florenco, 489.

Formosa, 494, 578.

Franeker, 673.

Frankrijk en Franschen, 16, 22, 2627,3842,47,79, 153, 155, 164, 296, 299, 301303,8311,313,
319, 829, 331332, 334, 336, 343, 348, 350, 353, 357358, 368, 371, 383, 392, 395, 397, 399, 405
 406, 409, 412, 416, 459, 490, 520, 525, 537588, 542, 550-551, 556, 558, 563, 585, 592, 594,
596, 605607, 611, 670, 732.

Friesland, 129, 256.

G.

Gale (Punto de), 475.

Gamoelamoe, 505, 581.

Geldria (fort), 37, 450.

Genua, 489,

Gibraltar (straat van), 532.

Gilolo, 522, 581, 651.

Giri, 272.

Goa, 25, 5052, 6061, 63, 86-88, 9095, 334, 337, 380, 429,438, 442, 466467,469,474- 475,
490, 504, 531, 549, 566, 573, 580, 590, 601, 621, 641, 720.

Godja's ( Klingen), 85.

Goede Hoop (Kaap de), 304, 317, 337, 389, 426, 432437, 441442, 449450, 458-459, 461,
466, 473474, 507, 515516, 531, 590, 597598, 605, 635, 648, 653.

Goeree en Goereesche Gat, 461, 468, 481, 528, 605, 688.

's-Gravenhage, 301, 388, 390, 407, 428, 495, 501, 512, 527528, 551, 601, 680-681, 683, 708, 71 1.

Gravesend, 460.

Grissee, 24, 166-168, 223, 240, 265, 306, 314, 319, 331-332, 352, 588, 726.

Groenland, 802,

Groot-Banda, 262,

Groot-Brittanni, 16, 299-300, 358, 423 424, 463, 481, 492, 495, 501, 512, 648, C5, 665, 632,
687669.

Guinea en Guineesch, 374-375, 471, 524, 565.

Gulik, 303, 329, 398, 402.

Guserate, 405, 722, 729,

Hanzesteden, 343.

Heidenen, 582, 657.

Henricus (fort), 170,

Hitoe, 72, 75, 811812, 314, 316, 819, 853, 582, G89, 686.

Hoetoemoeri, 444.

Holland en Hollanders, 70, 97, 152154, 225, 497498, 635, 638, 643, 655, GGO, 665, 670, 672,
673675, 689, 692-693, 706707, 729-180, 741.

Hollandia (punt), 192, 197.

Hongarije, 519, 542.

Hoorn en kamer Hoorn, 134, 136, 138139, 164 165, 301, 304 305, 816, 327-328, 334, 386,
846, 313, 431, 476, 4718, 525, 559, 663, 784.
