773

Middelburg, 122, 359, 417, 448, 654, 667, 685, 708, 722.

Mindanao, 651.

Miniangi, 271.

Moka, 187, 141, 380, 401, 405, 467, 484, 486187, 503, 541, 550, 722.

Molukken (de), 7, 9 10, 2829, 3287, 49, 6772, 14 75, 80, 103, 174, 283, 288 292, 294, 297,
299, 301302, 304307, 312316, 319321, 325, 329332, 341, 343, 346, 348, 353 356, 858,
361, 363, 376-377, 379381, 394 395, 400, 403, 409, 421, 423, 430431, 434, 444445, 447,
451452, 484, 490, 502505, 512-513, 519, 526, 531, 554, 561, 563, 572, 578586, 589, 591,
594595, 604, 611, 614, 620621, 630, 637-639, 661, 659, 686637, 717, 7267128.

Mooren, 78, 85, 111, 123, 150, 405-406, 419, 430, 582584, 589, 593, 599.

Motir, 381, 379, 581.

Mozambique, 8688, 94, 447, 531, 580, 590, 649.

N.

Nagasaki, 11, 125.

'Nailaka, 607,

Narsepocr, 318, 362,

Nassau (eiland), 40.

Nassau (fort), 78, 202, 263, 331, 536, 742743.

Nauw van Calais, 550.

Nederland en Nederlanders, 311, 1518, 2130, 3240, 4452, 6064, 6672, 74, 76, 78
 83, 88, 90, 9295, 99103, 109110, 164, 228, 262, 271, 296, 302, 320, 548, 383, 385 386,
388, 397399, 409, 418, 443 446, 450 451, 453, 159461, 465, 467, 469470, 472, 476, 482,
484, 490, 495497, 502, 506507, 520, 523, 528, 530, 537, 552, 517 578, 580597, 599 603,
608 612, 614623, 627629, 631636, 638, 640, 647648, 653, 656657, 659, 668, 676, 683
 686, 691, 693, 695699, 701, 703706, 717, 719, 722, 724726, 735, 742.

Nederlants India, 708.

Negapatnam, 580.

Neira, 211212, 262-263, 271, 331, 521, 583, 657, 677, 742743.

Neurenberg, 303.

Newfoundland, 549.

Ngofakiaba, 75, 581.

Nieuw-Guinea, 651.

Nieuw-Spanje, 621.

Noorderkwartier, 804, 307.

O.

Onrust, 265, 278, 496.

Ontong Java, 892, 396398, 522.

Oost-Indi, 3, 16, 18, 49, 301, 317 348, 350, 385, 387488, 429, 544, 577, 596, 601603, 606, 608,
GL6, 619, 622623, 629, 6GJ3634, 636, GL3G6 6, 652, 667668, 679, 638, 692693, 700.

Oostland, 542, 596.

Orienten, 577, 597, 723.

Orissa, 649.

Ormus, 489, 580.

P.

Pahang, 650.
Palombang, 202, 264, 288, 356, 619650. - Straat Palembang, 201.
Paliakato, 3638, 520, 457, 502, 513, 516, 531, 691, 595.

