E.
Edam, 518, 528.
Eendracht, 283, 319, 8321, 330, 331, 386, 338, 340, 348, 378, 883, 405, 407, 415, 417, 468, 470, 478,
492, 127.
Eenhoorn, 365, 414, 434, 441 443, 415, 448, 461, 476, 496, 516, 519, 567, 722,
Eenhoorn (Engelsch), zie Unicorn.
Elisabeth (Engelsch), 9, 11, 15, 18.
BEnckhuysen, 41, 124125, 156, 242, 261, 280, 283, 351302, 414, 150, 468, 478, 496, 516, 523.
Engel, 9, 163, 165, 355, 359, 518, 522.
Espdrance (Fransch), 26, 8841, 4447, 520, 525, 528,
Expedition (Engelsch), 522.

Ft

Fortuyne (jonk), 125.

G.

Galiasse, 163, 165, 804305, 413, 481, 691, 710, 724.
Gelderlandt, 108, 308, 322, 331, 356, 347.
                                                      Giroffelinagel, zie Clove,
Globe (Engelsch), 319.
Goede Fortuyne, 28, 50, 52, 59, 62, 147, 155 156, 209, 233, 254, 256,351,365-- 366,368371,405,
417, 456, 461, 468, 496,
Goede Hope, zie Hope.
Goes, 355356.
Gorcum, 518, 528, 730.
                                                   Gouda, 469, 472, 477, 481, 515, 555, 562, 568, 623, 630, GIO, 717, 719, 721722, 734.
j                                                Gouden Leeuw, 5152, 56, 62, 164, 169, 327, 336, 378, 126, 445, 461, 469, 474, 478, 481, 511, 515,
582, 556, 561, 605, 623, 724, 736.
j.                                                  Groene Leeuw, 119, 275, 332, 351, 365, 467.
s                                                       Groningen, 28, 52, 265, 441, 448, 476, 515.

Jaen, 469, 415 477, 481, 515,

Haerlem, 9, 11, 13, 15, 189,

Haringh, 278, 469, 478, 481, 515.

Hart, 3,51, 58, 62, 167, 304, 814, 319, 322, 330, 336, 340, 345, 450.

Hascwint, 79, 112, 115, 469, 478, 481, 515, 735.

Hermitage (Fransch), 3839, 41, 43, 44, 47.

Heusden, 518.

Heylboth, 456, 458, 461, 476, 516.

Hollandia, 250251, 566, 717718,  Nieuw-llollandia: 263, 434, 441, 445, 476, 515, 552, 566,
628, 630.

Hoorn, 119, 129130, 148, 201202, 294. - Nieuw- Hoorn: 414, 468.

Hope, 9, 11,18, 15,18, 119, 121, 414, 416--417, 468, 478, 492, 605.

Hope (Engelsch), 9, 11, 13, 18, 387.

Ti

J.

Jacatra, 146,
Jager, 418,
Jamby, 126.

