PA

Kombir, 579.
Korea, 597.

Lakoei, 271.

Larike, 72.

Layaman, zie Jemen.

Leiden, 414.

Lequeos Pequenos, 11, 446, 465, 494.
Lesidi, 311812, 314, 319, 418, 686.

Levant (de), 323, 402, 452.

Ligor, 542, 650.

Lingga, 650,

Lissabon, 334, 337, 416, 474, 531532, 566.                                        -
Loehoe, 68, 72, 128, 299, 311814, 316, 319, 353, 418, 504, 581 583, 639, 686.
Londen, 4, 1617, 400, 425, 428, 460461, 491, 506, 536, 745.

Lontor, 262, 271, 312, 420, 548, 556, 656657.

Lopo Gonsalves (kaap), 605.

Lucca, 489.

Lucipara, 128129.

Liugon, 494,

M.

Macao, 11, 25, 82, 313, 493, 495, 546, 573, 580, 591, 604, 619, 621, 723.

Madagascar, 156, 405, 419, 438, 442, 447 448, 450, 458, 466, 473, 507, 516, 649, 653.

Magelhaens (straat), 290, 315, 326327, 389,

Makassar en Makassaren, 10, 25, 33, 227, 306, 8314315, 319, 331 8332, 352, 430, 538, 579, 586,
650 651.

Makjan, 72, 7415, 331, 345, 566, 580 581.

Malabar (kust van), 5052, 6064, 438, 442, 449, 454, 458, 466, 513, 580, 649, 653.

Maladiven (de), 8315, 516.

Malajoe, 67, 74, 314, 381, 417, 460, 475, 566, 581583, 717.

Malaka, 2425, 82, 128, 268, 354, 395, 454, 493, 571, 579, 590, 494, 621, 726.

Malaka (straat), 299, 304, 356, 358, 360, 384, 522, 649 650.

Maleiers, 207, 306, 311, 313, 319, 329, 332, 334, 338, 419 420, 741.

Manila, 79, 15, 18, 22, 25, 28, 35, 4850, 82, 142, 144, 283, 290, 292, 304, 313, 315-316, 343,
853, 362, 379, 384, 395, 408, 419, 429, 431, 438, 445-447, 454, 459, 454, 16G6T, 470,492, 404,
496, 505, 518, 522, 549, 673, 581, 590, 604, 620 621, 641, 720, 723, 7126, 729.

Manila (baai van), 464, 493,

Marico, 550.

Marseille, 489.

Masoelipatnam, 261, 375, 384, 516, 718.

Mataram, 10, 25, 86, 96, 99, 225,272, 8317, 352, 360362, 522, 546, 557, 586, 588, 590 600, G86,
128, 726, 738, 741.

Mauritius, 122, 322, 825, 331, 336337, 347, 382, 405, 620, 664.

Mayottes (de), 515.

Maze (de), 304, 345.

Meliapoer, 112, 580, 594.

Melinde, 87, 90, 92, 580.

Messina, 489.

Middelbrug (te Batavia), 251, 257.
