ad

768

Banka, 392, 397.

Bantam en Bantammers, 38, 22, 2628,40 45,48, 51, 60, 79 80,8586, 95102, 107109,
111123, 125, 127133, 136, 189 141, 145146, 148150, 152153, 169 170, 172, 177
178, 186, 190, 201204, 207, 231, 233, 237 238, 241, 249, 272, 283, 287288, 299, 292293,
301, 314315, 317, 320-321, 325, 829 381, 333, 338, 341, 347 348, 351, 357, 360 363, 376,
378 379, 400, 403, 405 406, 408412, 414, 416, 424, 426, 432433, 435 437, 439, 442, 444,
449 450, 453, 460, 465, 468469, 475, 478, 486, 502503, 516, 520-522, 525526, 533, 540,
546, 550-551, 556557, 563, 581582, 585589, 592, 600, 621, 633, 653, 686, 723, 126
727, 741.

Barbarije, 480.

Basra, 489.

Batavia, 15, 52, 60, 6264, 69, 73, 76, 78, 81, 8385, 87, 90-91, 93, 9597, 99, 101103, 264
268, 270280, 496, 498, 502, 512513, 515, 519520, 524, 529-531, 536,510541, 546 548,
550, 554555, 557, 572, 591, 5945I8, 600602, 604, 606607, 609, 613 617, 620 624, 628,
630--632, 634637, 640 641, 647, 649654, 659, 686, 695, 701 708, 111713, 717 7118,
720721, 723, 726, 732, 785.

Batjan, 74, 174, 331, 379, 538, 580 581.

Belgica (fort), 331.

Bengalen, 457, 467, 590, 649.

Besi (Poeloe), 237.

Bima, 538, 726.

Bintang, 650.

Boano, 444.

Boeton, 329, 650651.

Boherne, 542,

Bordelong, 413, 542, 650.

Borneo, 477, 494, 517, 650.

Breda, 670.

Briel (de), 407.

Brunswijk, 329, 343.

Brussel, 402.

Cadiz, 447.

Caiyan (straat), 648.

Calieut, 380.

Cambaja, 304.

Cambodja, 446, 494, 538, 546, 650, 726.

Canarische eilanden, 345.

Canterbury, 296,

Canton, 82, 495.

Castilianen, 417, 447, 604, 641.

Cavite (baai van), 16,

Celebes, 494, 650-651.

Ceram, 272, 651.

Ceylon, 261, 825, 380, 408, 516, 580, 590, 649.

Chaul, 580.

Cheribon, 9697, 123, 126, 272,

China en Chineezen, ookin den Maleischen Archipel,7, 11, 16,18, 42,48 50,75, 81 -82, 85,96
97, 99100, 111112, 142, 152, 159, 175,207,212,215216,219,297, 285-230, 244, 252253,
257, 260, 267, 276, 305806, 511, 813, 317, 319, 323, 329830, 332, 388, 352, 357-358, 371,
