rn en

Ierland, 16, 688.

Ilha de Mayo, 122, 691.

Indi en Indianen"’, 22, 63, 164, 262, 271, 283, 291, 293, 298300, 304 805, 309 310, 315, 320,
322, 324, 338, 343, 348, 353, 356, 408409, 413, 417, 419, 424, 429, 433, AL3AAA, 447, 451
453, 455456, 460, 462-464, 466467, 471472, 474475, 471-473, 482, 484485, 490,
496497, 499, 517518, 520, 523524, 528529, 539540, 543, 54T, 559, 563, 571,578579,
584585, 589590, 592597, 599, 603604, 607, 609 610, 612, 615616, 618-619, 621
622, 625, 627638, 640641, 645, 647, 652657, 663 664, 666, 668, 676, 680691, 683 636,
691, 695, 700, 704, 706, 708- 709, 711, 718, 719, 722, 125, 731, 733-735.

Indi ( Voor-Indi), 487.                                      ,

Indi (kust van) Westkust van Voor-Indi, 438, 448449, 454, 458, 513, 518, 532, 726.

Indragiri, 101, 649 650, 720.

Isfahan, 489.

Itali, 629.

J.

Jacatra, 7, 911, 1516, 1819, 22, 2627, 35, 38-40, 43848, 50, 77, 107, 115, 123 126, 128,
132183, 141144, 147, 150151, 154166, 169172, 174, 176200, 204 208, 210236,
239262, 272, 288, 290, 331, 360, 398, 406, 410, 412, 416, 424, 428429, 432, 435, 439, 441, 445
 444, 453, 467 468, 493 494, 502, 513, 517, 527, 532533, 536, 540, 585591, 594, 597, 602,
609, 647 648, 652653, 656657, 736, 741 742.

Jambi, 4, 9, 23825, 28, 76, 78, 101102, 126, 268269, 283, 353, 359 360, 363, 371, 381, 383,
391, 413, 416, 431, 496, 522, 531, 542, 545, 585, 649650, 7118720.

Japan en Japanners, ook in den Maleischen Archipel, 7,9, 1516,18,33,4849, 124126, 150
153, 192, 194, 305, 307, 316, 319, 82:L, 342, 353, 359, 361, 378, 384, 393, 411, 413, 467, 477, 517
518, 522, 531, 538539, 547, 597 598, 603, 621622, 641, 650651, 656, 724, 729 730, 732.

Japara, 4, 24, 123, 128129, 225, 227, 259, 289, 306, 315, 317, 362, 430, 444, 588, 733, 742.

Jasques, 449, 489 490,

Java en Javanen, 33, 42, 75, 97, 98, 100, 151, 159, 171, 173-174, 177178, 186187, 220, 222,
230-231, 238, 276, 306, 811, 315, 317, 329, 332, 331, 339, 381, 394, 409, 419420, 429430, 482,
434, 443, 447, 170471, 494, 504, 516, 579, 586, 588, 599600, 650651, 656, 726, 730, 732.

Java Mayor, 483485, 503, 599,

Jemen, 401.

Johor, 113, 820, 324, 331, 358, 360, 650.

Jortan, 542.

Juden, zie Ajudhja.

K.
Kaliamata, 650, 581.
Kambelo, 68, 72, 299, 311314, 816, 319, 353, 418, 581582, 639, 656.
Kampar, 650.
Kanaal (het), 426, 459, 461, 508, 514, 550, G96, 704.
Kedah, 522, 650.
Kei-eilanden, 651.
Kendal, 733, 741.
Kinsulo, 688.
Kleef, 303, B29, 343.
Klingen, 306, 313, 319, 382, 331, 419 - 420.

ek a

