REGISTER VAN PLAATSEN, LANDEN, VOLKEN.           483

F.

Falmouth, 373,

Ferro, 16.

Florence, 253.

Flores, 22.

Florida, 8.

Formosa, 263, 267, 301302, 382, 392,
402, 410.

G.

Gale, 33.

Gamoekanora, 454, 456, 458.

Gamoelamoe, 34, 35, 40, 454.

Gamron, 382.

Ganges, 17.

Gelderland (redoute), 434.

Gelria (fort), 39, 455, 461.

Genua, 6, 11, 12, 253.

Gibraltar en straat Gibraltar, 5, 7, 12, 36.

Gilolo, 454.

Giri, 229,

Goa, 1728, 3438, 57, 69, 95, 186, 203,
221, 258, 262-264, 282, 319, 321, 346,
459, 469.

Goede Hoop (kaap de), 38, 15, 17, 23,
2732, 101, 181, 183, 196, 203, 210,

211, 251, 314, 320, 324, 326, 353, 388
389.

Goeserate en Goescraten, 57, 61, 83, 87,
88, 95, 108, 129, 174, 185, 193, 275.

Goudkust, 7.

Gresik, 28, 30, 34, 46, 50, 66, 87, 188,
196197, 209, 275, 290, 384385, 455.

Groot-Banda, 104, 232, 234, 243244,
271, 394,

Guinee (kust van), 69, 14, 19, 23.

H.

Maitoe, 410.
Halmaheira, 249, 312, 352.
Hamburg en Hamburgers, 19, 28, 227.

Hateewe, 197, 412,

Heerenstraat (te Batavia), 404, 436.
Menricus (fort), 83, 199.
Hindostan, 392, 430.

Hirado, 17, 36, 220, 260261, 398 399,
409, 428.

Hispaniola, 23.

Hitoe, 20, 21, 44, 51, 80, 81, 104, 145, 197,
247, 398, 412, 458, 461.

Hochieu, 302, 311, 400401.

Hollandia (redoute), 415, 417, 420, 430,
434, 437438, A41.

Hongarije, 268,

Husum, 220.

LE

lerland, 281, 372.

Indi (kust van), 281,

Indragiri, 78, 138, 209, 259, 314, 351, 427.
Indus, 17.

J.

Jacatra en Jacatranen, 3842, 49, 55, 58,
6373, SO, 89, 94, 97105, 113, 116
121, 127131, 139145, 148163, 166
169, 175-196, 199214, 221, 226, 231
 234, 238, 243, 250, 254, 291, 298, 303
 304, 308, 322, 331332, 351, 386,
455, 472, 477.

Jacatra (rivier van), 406.

Japan en Japanners, 17, 24, 31, 36, 4519,
52, 57, 61, 65, 69, 81, 86, 98, 105, 117,
138, 154, 161, 174, 181, 215, 218221,
225, 232, 258, 261263, 276, 293, 303,
314, 322326, 339, 347, 352, 355356,
363 364, 393, 398399, 408411, 417
 419, 424, 426, 429, 431, 438, 442, 455,
460, 468469.

Japara, 46, 58, 7981, 90, 129, 143, 147,
151152, 161162, 188, 192, 219, 250,
290, 384--386, 396, 411, 435, 446, 455.

Java en Javanen, 23, 25, 29, 31, 4651,
59, GO, 67, 79, 82, 8791, 96, 100, 129
 130, 146153, 157158, 167169,
178, 182, 188189, 194, 201, 207210,
218, 224, 229, 231, 239, 251, 255, 275
276, 280, 202, 304, 326, 352, 383385,
387391, 405, 413-416, 421, 134436,
443, 447, 455 456, 4158, 461.

Jedo, 303, 398, 409.

Jemen, 95.

 add
