REGISTER VAN PLAATSEN, LANDEN, VOLKEN 1).

Acapulco, 261,

Aden, 15,

Afrika, 13, 16, 22, 289, 351, 353.

Agra, 392, 430.

Ai (Poeloe), 6569, 74, 83, 98, 103, 134,
145, 149, 231-232, 237, 244.

Aleppo, 11, 171, 253.

Alexandri, 1113.

Alfoeren, 248.

Algoabaai, 15.

Amahai, 278.

Amalfi, 11.

Amanaban, 198.

Amazonenrivier, 7.

Amblau, 278.

Ambon en Amboneezen, 20, 28, 29, 34,
35, 4053, 56, 59, 6876, 84 90, 93
105, 110, 112, 126, 134138, 145
150, 156161, 173180, 187191, 196
 207, 210, 230234, 240, 243 249,

262211, 271282, 285, 288--296, 305,

308, 314, 320323, 328, 330, 334 337,
340345, 351355, 359, 363364, 371,
3713376, 381382, 391, 393, 395398,
412-413, 444, 454, 456, 458, 461 462,
464, 467 468, 471-474,

Amerika, 69, 19, 22, 23, Gl, 382, 443.

Amoy, 401, 410, 425,

Andamanen, 18.

Angkee (rivier van), 405 406.

Angola, 7.

Anjer, 432.

Arabi en Arabieren, 11, 13, 16, 18, 02,
95, 127, 138, 174, 253.

Arakan, 57, 428, 444.

Aral (meer van), IL.

Aroe-eilanden, 34, 352.

Atjeh, 21, 2831, 3537, 43, 47, 57, 61,
87, 88, 95, 115, 119, 121, 138, 151, 177,
185, 191193, 205209, 259, 271, 275
 276, 290, 351, 411, 454, 469.

Augsburg, 11, 18.

Australi, 34, 35.

Azoren, 13, 19.

B.

Babi ((Poeloe), 98.

 Bagdad, 253.

Bahia, 19, 20.

Balambangan, 326, 384, 306, 411, 446.

Balamboang, zie Balambangan.

Bali en Balineezen, 27, 30, 32, 156, 179,
199, 226, 446.

Batoean, 409.

Banda en Bandaneezen, 2028, 30, 37
dl, 4556, 50 67, 7076, 8090, 93
105, 110, 112, 116, 120, 126, 133
138, 147 150, 157, 159, 174175, 187
 191, 196205, 208211, 218, 228
249, 259, 262 265, 211, 273, 277, 280
201, 294296, 304314, 320323,
328-331, 334-337, 340345, 351
353, 391, 394398, 412413, 443 44H,
455458, 461, 464472.

Banda Neira, 37, 394, 455, 464, 472.

Bandjermasing, 427.

Bangka, 170,

Bantam en Bantammers, 2730, 34, 38
41, 47, 48, 55, 5770, 7377, 80-382,
85, 8891, 94-109, 112121, 130
l4l, 144147, 150170, 174179,
182298, 202210, 213, 222, 229, 250
 251, 261, 264, 271, 280, 282, O1, 303
304, 315, 326, 381, 384 386, 390, 396

1) Plaatsen in patria verwaarloosd, - Europeesche volken in zakenregister.

31
