484

Jezuieten, 262263.
Jortan, 28, 59, 79, 129, 158159, 386.

K.

Kaapverdische eilanden, 6, 41, 374, 387.
Kalikoet, 1517, 34, 58, 137, 454, 460.
Kalimata, 248 249, 279, 382.

Kambelo, 44, 51, 59, 60, 67, 69, 74, 8084,
104, 135136, 159, 197, 247, 278, 355,
398, 412, 458, 461.

Kambodja, 138, 144, 255, 259, 261, 263,
276, 352, 311, 382, 421, 444.

Kampar, 78, 138.

Kandi, 30, 33, 39.

Karta, 303, 386387, 446 447.

Kaspische Zee, 11.

Kei-eilanden, 34, 352.

Kendal, 209, 385386.

Kinsale, 372,

Klingen, 51, 59, 82, 91, 200, 461, 471.

Koedoes, 46.

Kokos-eilanden, 446,

Kombir, 235238.

Korea, 272.

Koromandel (kust van), 30, 34, 35, 39,
4549, 52, 56, 5962, 68, 76, 88, 115,
127, 137138, 144, 156, 172175, 184

188, 191, 199, 211, 251, 265, 268, 271
276, 282, 289 290, 293, 296, 304309,
313314, 329, 340, 343, 351, 389, 445,
455, 460461, 468 469.

Kotaringa, 411, 427.

Kowak, 248, 278.

Krawang, 386, 435, 437, 442.

L.

Labetaka, 237.

Laboea, 454,

Labrador, 23.
Lagoendi, 381.

Lakoei, 234, 236, 477.
Lampongs (de), 381.
Larantoeka, 59,
Lausanne, 227.
Leitimor, 21, 34.

Le Maire (straat), 382.

REGISTER VAN PLAATSEN, LANDEN, VOLKEN.

Lequeo Pequeno, 267.

Lesid, 44, 60, 80, 81, 84, 135136, 247,
371, 382, 398, 412, 458, 461.

Levant (de), 7, 18, 96.

Ligor, 79, 102, 115, 205, 259, 352.

Lingga, 276277, 351.

Lisabata, 197.

Lissabon, 5, 6, 11, 1416, 1820, 24 26.
Livorno, 6.

Loehoe, 44, 51, 59, 60, 74, 80, 81, 84, 104,
134136, 159, 197198, 247, 277, 311,
382, 398, 411412, 458, 461.

Lontor, 103, 133, 174, 228 240, 243, 246,
299, 312, 363.

Lucca, 253.

Lyon, 11.

M.

Macao, 17, 30, 50, 52, 56, 78, 80, 87, 138,
186, 255, 261264, 267 268, 210, 286,
289, 295, 300-303, 311, 319, 322, 410,
459, 468469.

Madagascar, 27, 92, 95, 137, 145, 170, 181,
210, 251, 289, 309, 351, 353.

Madeira, 13, 19, 41, 374.

Madjangi, 236,

Madoera, 159160, 385, 387.

Magellaan (straat), 22, 23, 29, 32, 85.

Makariki, 278.

Makassar en Makassaren, 28, 40, 46, 59,
66, 67, 89, 96, 97, 117, 134135, 147,
150, 159, 198, 206, 230, 232233, 240
250, 276, 292, 352, 383, 393396, 411
412, 444, 447448, 455.

Makjan, 35, 249, 312, 382, 454, 458, 463.

Malabar (kust van), 15, 18, 52, 58, 86, 89,
95, 203, 351, 353, 469.

Malajoe, 35, 135, 312, 454, 456457.

Malaka en straat Malaka, 17, 2025, 28
35, 38, 39, 47, 52, 59-66, 69, 70,
76, 77, 8390, 102, 111, 119, 138, 158,
186, 198, 203, 209, 229, 232, 254, 259,
262, 266, 276282, 304, 308, 319322,
351, 304, 411, 414, 446448, 460, 468
 469.

Maleiers, 51, 57, 91, 200, 276, 383, 461,
4T.
