482

397, 402406, 413417, 421426, 430,
442443, 446447, 455, 467, 472.

Basra, 253.

Batavia, 39, 166, 169, 182, 211213, 229,
244245, 240271, 274282, 286
290, 293295, 298, 302315, 322331,
335337, 340347, 351353, 356,
364, 372, 376, 381, 386, 380391, 395
 397, 400405, 408414, 419, 421
430, 435 437, 443 445.

Batjan, 20, 37, 53, 149, 159, 187, 197, 249,
312, 454, 456457, 463, 472.

Batoesawer, 3537.

Batticalao, 30.

Beerenbaai, 401, 406.

Belgica (fort), 458.

Bengalen, 57, 281, 289, 304, 309, 321, 351.
449,

Bima, 138, 144, 158159.

Bintang, 20, 351.

Boelleng, 446.

Boeroe, 134, 278.

Boeton, 53, 66, 352, 454, 472.

Bommel (redoute), 431, 435, 437438.

Bordelong, 79, 102, 259, 352.

Borneo, 34, 49, 198, 255, 258, 352, 386,
411, 455456.

Brabant (redoute), 435.

Bravo (liha), 41.

Brazili, 6, 7, 10, 16, 19.

Broenei, 29,

Buren (redoute), 435, 438.

C,

Cabite, 61, 106,

Cabo Verde, 14.

Cadiz, 5, 11.

Cairo, 95.

Cambaja (golf van), 30, 95.

Canarische eilanden, 7, 13.

Canton, 17, 255, 270, 295, 301.

Cathay, 8, 23.

Ceilon, 11, 17, 30, 31, 33, 52, 172, 181,
289, 309, 321, 351, 454, 460, 469.

Celebes, 49, 255, 352, 455456.

Ceram, 44, 84, 197, 229 230, 243248,
271, 277 278, 305, 352, 382383, 393
395, 413, 446.

 Djambi, 65,

REGISTER VAN PLAATSEN, LANDEN, VOLKEN.

Champagne, 11,

Cheribon, 39, 90, 142, 158, 176, 204, 206,
213, 220, 229, 250, 384, 434, 436.

Chiaul, 95.

Chili, 23.

China en Chineezen (ook in den Mal.
Archipel), 17, 21, 24, 3035, 39, 45,
46, 5263, 6673, 77, 79, 82, 86102,
106108, 113, 115, 121, 126133,
136139, 145146, 149159, 169, 173
178, 185, 190, 197218, 227228,
231, 248251, 254277, 280-252, 288
 296, 299 303, 307315, 321-322,
328, 339347, 364, 382, 385, 390303,
397 406, 409410, 416420, 426
427, 430-438, 442, 446, 458, 469, 471
 472.

Chincheu, 98, 186, 255, 267271, 295,
301, 400401, 406, 409-410, 425.

Chineesche zee, 400.

Cochin, 18, 69, 459,

Cochinchina, 73, 138, 263, 311, 352, AAA.

Colombo, 448, 469,

Comorin (kaap), 17, 320.

Congo, 15.

Constantinopel, 7, 11, 12, 95, 172, 253.

Cuba, 23.

D.

Daboel, 95.
Dantzig, 6.
Delhi, 28,

Demak, 46,
Dieppe, 75,

188, 384.

98, 100, 208.

6972, 7180, 86-00,
113, 138, 154, 160, 185, 187, 192,
228, 250, 275, 290, 314, 351, 427.

Djohore, 20, 3339, 47, 61, 87, 219,
216217, 352, 454, 469.

102,
209,

259,

E,

Eendrachtsland, 389,

Egypte, 12, 15.

Elpapoctih, 278.

Erang, 44, 135136, 247, 371, 382,
412,

398
