486

Pariaman, 78, 87, 121, 138, 151, 177, 185,
191, 193, 205.

Patani, 30, 3439, 42, 49, 61, 69, 76, 837,
115116, 138, 144, 152, 170, 177, 180,
205 209, 253, 255, 259-262, 276, 282,
290, 321, 352, 426427, 444, 455, 459,
468.

Pati, 326, 306.

Pegu, 57, 444.

Pehoe, 290, 293, 295, 301303, 310312,
323, 328, 352, 382.

Pekalongan, 436.

Peking, 263.

Perak, 351.

Pernambuco, 19.

Peru, 23.

Perzi, Perzen en Perzische Golf, 11, 17, ;

18, 252-254, 259, 268, 300, 341, 382,
388 389, 392, 411, 429.
Pescadores, 267, 270, 301, 341.
Philippijnen, 22, 23, 34, 255, 352.
Plymouth, 253, 282, 373.
Poeloceri, 115.
Poetri (Poeloe), 140.
Port Natal, 16.
Porto Santo, 374.

Q.
Queda, 138.
Quinam, 115.

R,
Runion, zie Mascarenhas.
Riga, 221.

Rio de Janeiro, 19, 20.

Roen (Poeloe), 74, 83, 103, 112, 174, 206,
232239, 242-246, 273, 284, 286, 209,
305, 364, 394-305.

Roode Zee, 11, 13, 17, 18, 129, 172, 252,
351.

Rosengein, 103, 236, 238, 243, 305, 304.

S,

Saboegoe, 248249, 279, 312, 454.
Saint-Malo, 75, 115, 119; 144, 172.
Sammer, 103, 236, 243.

REGISTER VAN PLAATSEN, LANDEN, VOLKEN,

Sangora, 61, 259, 261, 276, 290.

San Paulo, 454.

San Pedro, 454.

San Thome, 47, 52, 62, 304, 308, 468
469.

Savoe, 22.

Sebessi, 381.

Selamma, 103, 198, 232, 236238, 241,
243244, 477.

Senegal, 13.

Setubal, 5.

Siam, 30, 31, 57, 69, 116, 138, 187, 200,
255, 258261, 276, 282, 290, 321, 352,
427, 444, 455.

Siau en Siauers, 83, 232.

Singapoer (straat), 61, 62, 80, 162, 351.

Singkan en Singkanders, 399, 408, 424.

Sint-Helena, 300, 333, 340.

Slavenkust, 14.

Socotora, 16, 17.

Soekadana, 34, 138,
427.

Soetang, 409.

Soemedang, 423, 443.

Soenda (straat), 25, 53, 55, 62, 73, O1,
129, 156, 159162, 169, 177, 182184,
188, 191, 389, 432, 472.

Soenda Katapa, 39.

 Soerabaja, 46, 58, 59, 66, 67, 117, 159,
196, 303, 326, 385386.

Soerate, 11, 30, 61, 68, 76, 88, 95, 112,
127, 129, 137138, 153, 174, 185, 188,
192 252, 259, 271, 275, 282, 290, 293,
309, 314, 320, 329, 340, 343, 351, 364,
389, 392, 411, 429, 468.

Sofala, 258, 351.

Solor, 21, 22, 43-49, 53, 56, 59, 66, 68,
77, 83, 130, 138, 157159, 175, 100,
263, 282, 294, 308, 312314, A44, 455,

458, 472, 476.

 Spaansche Zee, 182.

j Spitsbergen, 8,

 Sterre (wambuis de), 434, 437, 442,

 Stormkaap, 15.

156, 177, 290, 386,

Sumatra, 22, 35, 49, 65, 78, 88, 169-170,
174, 182, 188, 206, 208, 255, 258, 275,
282, 290, 321, 351, 411, 427, 455, A72.

Syri, 253.
